NAME	Other	Hepatocytes	Proliferation	vSMC	Stellate cells	CAFs	Pericytes
A1BG	1	645.967401594172	1	1	1	1	1
A1CF	1	283.582595148522	1	1	1	1	1
AADAC	1	268.004270861672	1	1	1	1	1
ABAT	1	221.69433411125	1	1	1	1	1
ABCC9	1	1	1	1	332.085401363594	1	1
ABCF1	1	1	120.847432038122	1	1	1	1
ABHD14A.ACY1	1	188.081818267396	1	1	1	1	1
ABHD2	1	157.679948204101	1	1	1	1	1
AC002094.3	444.250141616933	3030.66831258666	419.499985668007	1	1	1	1
AC004691.2	459.021073846107	1	1	1	1	1	1
AC005726.2	1	70.3295360413621	253.947750837551	1	1	1	1
AC006254.1	1	1	1	2079.88469414022	1	1	1
AC007192.1	1565.59450198872	78.2172141614112	1002.68290740637	1	1	1	1
AC008763.3	1	1	214.997284993602	1	1	1	1
AC009779.3	1	135.213941409036	294.387861261306	1	1	1	1
AC010422.3	248.439103253516	1	116.393715483701	1	1	1	1
AC010422.5	1	105.405672426442	282.425715894187	1	1	1	1
AC011498.4	1	260.490810742884	1	1	1	1	1
AC015813.2	1	1	185.162875772946	1	1	1	1
AC018523.2	1	75.9766944633345	343.338249940099	1	1	1	381.788105108049
AC024592.3	212.687806010256	148.714877911241	148.886199200979	332.475708290816	202.717167201911	1	1
AC058822.1	1	1	1	1	731.791194687119	293.539672761922	1
AC068580.4	1336.14813163017	298.086529416079	941.570935721705	1	948.865464013253	506.002012440809	464.514495441031
AC068631.2	1	1	140.386579305672	1	1	1	1
AC073610.3	281.06856301327	107.728653950694	1	1	176.783829186338	271.064996185527	1
AC073896.1	1	92.9449414821385	1	1	1	1	1
AC078927.1	244.011286873459	114.521494342193	157.081176792519	1	285.944607886111	1	1
AC087632.1	1	1	418.407001875513	1	1	1	1
AC093525.2	612.034213589083	142.181789299394	402.964042332923	338.952231456866	264.912735966501	436.021849475649	1
AC099329.3	1	177.235198152952	1	1	1	1	1
AC104109.3	1	1	122.294061450247	1	1	1	325.52715267299
AC104581.2	1	1	131.364380912905	1	1	1	1
AC107871.1	1	1	146.806179150306	1	1	1	1
AC119674.2	419.78806117618	210.386262837833	1	591.267365768131	1	1	1
AC120057.3	1	1	198.941195612242	1	1	1	1
AC135050.2	1	365.633803124605	1	1	237.475432952782	1	1
AC138811.2	287.222265517165	177.390937114767	820.827100380071	1	1	1	1
ACAA1	1	440.765893504704	1	1	1	1	1
ACAA2	1	727.758565693171	1	1	1	1	1
ACACA	1	1	468.776361376368	1	1	1	1
ACADM	1	169.896089158519	1	1	1	1	1
ACADSB	1	221.639613056938	1	1	1	1	1
ACADVL	200.531181790186	227.108593794651	369.168101786721	1	1	1	1
ACAT1	1	528.517952704062	1	1	1	1	1
ACAT2	1	136.249384003449	1	1	1	1	1
ACLY	1	1	133.597182274234	1	1	1	1
ACO1	1	97.3685624076914	1	1	1	1	1
ACOT13	1	197.747302174962	1	1	1	1	1
ACOX1	1	167.911404008847	1	1	1	1	1
ACOX2	1	156.340945503918	1	1	1	1	1
ACSL1	1	555.896689465552	1	1	1	1	1
ACSL5	1	135.364313619186	1	1	1	1	1
ACSM2A	1	561.454674260637	1	1	1	1	1
ACSM2B	1	480.293657627306	1	1	1	1	1
ACSM5	1	157.683382087258	1	1	1	1	1
ACTA2	1	1	1	11365.8283385292	2073.1608374101	3259.48880224939	5509.31217567748
ACTG2	1	1	1	862.462706723416	1	1	1
ACTN1	1	1	1	1006.18315626783	533.760460046184	702.575024021409	752.406092147019
ACTR3	275.800739429252	1	624.861505233211	1	135.341384402111	1	345.331582884817
ADA2	1	1	186.836718657593	1	1	1	1
ADAM10	203.149532647328	117.438897158151	111.391803209078	1	1	1	1
ADAMTS1	1	1	1	2996.67426043268	526.670127579869	1	843.746134861354
ADAMTS2	1	1	1	1	427.30634636131	266.731308016921	1
ADAMTS4	1	1	1	1184.64123556142	1	1	782.893436610005
ADAMTS9	1	1	1	266.163837046019	1	1	1
ADAMTSL2	1	1	1	1	361.380140322195	280.575176944702	1
ADAR	1	1	246.402153930982	1	1	1	1
ADD1	1	1	169.789469920789	309.855149829459	412.43387893143	216.005895751941	349.068692794989
ADD3	1	1	196.750776940719	1	165.761871624936	1	1
ADGRE5	1	1	318.188321821054	1	1	1	1
ADGRF5	1	1	1	1	1	1	527.525176622198
ADH1A	1	1829.28314453763	1	1	1	1	1
ADH1B	1	5762.7735849354	1	1	1606.90331554099	1	1
ADH4	1	2138.39055900829	1	1	1	1	1
ADH5	1	162.988540921596	1	1	187.20773103666	1	1
ADH6	1	412.401212922068	1	1	1	1	1
ADI1	1	498.197989558231	1	338.812317319466	1	1	1
ADIPOR2	1	93.0687748085391	1	1	1	1	1
ADIRF	1	1	1	4550.87655943516	1	1	780.337888322179
ADK	1	101.361436627605	1	1	1	1	1
ADRM1	1	1	204.733521151226	1	1	1	1
AEBP1	1	1	1	609.668033460989	1616.52922035216	2175.41212038466	427.281759086615
AF241726.2	353.906730731377	134.356873321274	180.835076088555	1	1	1	1
AFM	1	314.593183408185	1	1	1	1	1
AGO2	1	1	1	335.004978781448	1	1	1
AGT	1	1048.0953888552	1	1	1	1	1
AGTR1	1	1	1	1	555.525385069789	1	1
AGXT	1	924.634282336027	1	1	1	1	1
AHCYL1	1	135.69683306703	214.606976992428	1	349.345362233078	335.131297922879	1
AHSG	1	2865.36140392595	1	1	1	1	1
AIF1	713.20298754465	1	712.150791433627	1	1	1	1
AIFM1	1	123.977300678158	1	1	1	1	1
AIG1	1	222.83828243254	1	1	1	1	1
AK3	1	147.203165681165	1	1	1	1	1
AK4	1	105.631254084423	1	1	1	1	1
AKAP12	1	1	1	666.930753956091	1	1	1
AKAP13	376.14918994587	1	227.481143173934	1	425.806095975979	261.500022695598	482.432929934583
AKAP9	305.517229461964	113.628009032529	220.169421213004	1	1	1	1
AKR1A1	1	265.992034229874	277.360617236555	1	1	1	1
AKR1B1	1	1	188.057284201014	1	1	1	1
AKR1C1	1	641.19587786017	1	1	1	1	1
AKR1C2	1	567.519493477354	1	1	1	1	1
AKR1C3	1	131.747764476949	1	1	1	1	1
AKR1C4	1	229.058352648761	1	1	1	1	1
AKR1D1	1	113.180456672724	1	1	1	1	1
AKR7A3	1	236.818865283677	1	1	1	1	1
AL049779.1	1	109.79840600782	1	1	1	1	1
AL049839.2	1	1952.56171284722	1	1	1	1	1
AL121594.3	223.413667463442	109.468487085251	240.464246417623	1	1	1	1
AL121845.3	1	105.21482809904	1	1	1	1	1
AL133352.1	1	147.538195844939	253.028546029601	443.102978683502	1	316.383032698381	1
AL136531.2	420.174084273646	1	300.708591609125	1	1	1	436.175282409697
AL159163.1	526.645823860095	1	372.635544191127	1	1	1	1
AL365205.1	227.912287034294	114.5629558887	329.115671427374	1	1	1	1
AL589666.1	1	1	209.497412635543	1	1	1	1
AL645922.1	1	1534.93887438998	1	1	1	1	1
AL645941.2	387.718051531746	1	186.708974238514	1	1	1	1
ALAD	1	139.556441945958	1	1	1	1	1
ALAS1	1	213.760004089439	1	1	1	1	1
ALB	3204.56049712271	91465.3508505337	1783.7392404451	881.220908415505	969.382501834583	1	1
ALDH1A1	1	609.249052973639	1	1	833.173362510578	1	1
ALDH1B1	1	152.927913217157	1	1	1	1	1
ALDH1L1	1	233.964236292076	1	1	1	1	1
ALDH3A2	1	228.649993448953	1	1	1	1	1
ALDH5A1	1	124.166842087381	1	1	1	1	1
ALDH6A1	1	296.07053842543	1	1	1	1	1
ALDH7A1	1	142.120094706425	1	1	1	1	1
ALDH8A1	1	153.121192873777	1	1	1	1	1
ALDH9A1	1	148.084176462741	1	1	1	1	1
ALDOB	1	7822.92314555989	1	1	1	1	1
ALOX5AP	1	1	440.81313954133	1	1	1	1
AMACR	1	105.856350115921	1	1	1	1	1
AMBP	1	5294.77954039611	1	1	1	1	1
ANAPC11	1	120.578431458961	343.008567784999	1	1	1	1
ANAPC16	1	129.160480946571	125.86264953188	442.483918905822	1	1	1
ANGPT2	1	1	1	1	1	1	425.826595319754
ANGPTL2	1	1	1	1	350.265907572679	292.644372317124	1
ANGPTL3	1	603.367065539057	1	1	1	1	1
ANGPTL6	1	1	1	1	460.451358231641	1	1
ANK3	1	1	1	1	455.998634045796	1	1
ANKH	1	65.3225725680518	1	1	1	533.142886833704	1
ANO1	1	1	1	1	1	475.38207893072	570.515195474973
ANP32A	1	1	210.529597893348	1	1	1	1
ANP32E	1	1	397.345718091111	1	1	1	1
ANPEP	1	231.264058956122	1	1	1	1	1
ANTXR1	1	1	1	397.825032580463	458.613037755113	1458.91062876103	778.391475883244
ANTXR2	1	1	1	1	238.400951837415	1	1
ANXA1	378.398995743293	1	447.423782203213	1	673.608774162682	618.150206504463	367.840841747227
ANXA11	219.889608679988	1	222.102853383256	330.32149027196	270.65872119939	1	260.742217792299
ANXA4	536.917918146744	221.482788053545	214.056510401291	1	1	1	1
ANXA6	1	1	1	1	223.403150445361	1	385.177668821281
AOC3	1	1	1	314.239270115968	1	1	1
AOX1	1	539.08147991592	1	1	1	1	1
AP1S2	1	1	246.862149832801	1	1	1	1
AP2M1	241.666969989495	71.9765632255367	241.302669458927	1	216.123619131464	502.976127284473	471.275401131599
AP2S1	215.62535868705	71.6417560651267	326.047680447234	1	1	1	1
AP3D1	1	1	180.335573686132	1	1	1	1
APBB1IP	1	1	130.860911342774	1	1	1	1
APCDD1	1	1	1	1	1	1	535.40110472397
APCS	1	1304.99763627135	1	1	1	1	1
APEX1	1	71.4301759476117	215.580292668097	1	1	1	1
APLP2	510.152130474694	277.787555488962	337.480913406019	633.126264967189	317.203913825471	1	1
APMAP	1	164.480463377536	1	1	1	1	1
APOA1	1	7033.22541083384	1	1	1	1	1
APOA2	1	14924.689404952	1	1	1	1	1
APOA5	1	371.058459261446	1	1	1	1	1
APOB	1	2409.89581195566	1	1	1	1	1
APOBEC3A	1	1	167.303947614525	1	1	1	1
APOBEC3C	1	1	146.167546895038	1	1	1	1
APOC1	977.989449614885	10296.1757286561	518.183172503217	1	1	1	1
APOC3	1	10936.9183900716	1	1	1	1	1
APOC4.APOC2	1	5530.61326338643	1	1	1	1	1
APOF	1	133.467714142742	1	1	1	1	1
APOH	1	8294.09565055898	1	1	1	1	1
APOL1	1	158.728249143859	1	1	382.51229576378	297.617193321774	1
APOLD1	1	1	1	1037.05571922373	1	1	878.090606809091
APOM	1	356.981538391475	1	1	1	1	1
APOO	233.500000699125	1	131.699936338225	380.089581203921	295.94016416507	274.066662837715	1
APP	303.393600128462	108.429333188977	1	1	380.41840048004	374.905192281013	515.281379314416
APRT	1	119.578154265157	240.147042404612	1	1	1	1
AQP9	1	412.926176387526	1	1	1	1	1
AR	1	111.817475056047	1	1	1	1	1
ARAP1	1	231.506464141678	1	1	1	1	1
ARCN1	1	64.5370301255541	116.631070723389	1	247.747397014209	1	1
AREG	508.689955389738	1	361.508454728538	1	1	1	1
ARF4	1	77.952021481263	1	1	383.715796928794	500.987915398469	1
ARF6	193.975010991716	1	236.799795886962	1	1	1	1
ARG1	1	521.463305157682	1	1	1	1	1
ARGLU1	1	1	187.92959987195	1	1	1	1
ARHGAP1	1	1	1	1	1	1	287.310542663829
ARHGAP11A	1	1	160.185725030005	1	1	1	1
ARHGAP4	1	1	154.92471805256	1	1	1	1
ARHGAP5	1	1	1	310.102469757359	1	1	1
ARHGDIB	761.458808984736	1	1323.75236435252	1	335.196911627492	710.944427291402	1886.9037288769
ARHGEF12	1	69.4814606941048	1	1	189.741399246407	1	415.139655979145
ARHGEF7	1	1	1	379.686000022892	1	1	1
ARID1A	1	1	213.331148144115	1	1	1	1
ARID4B	1	1	210.668881021457	1	1	1	1
ARID5B	1	1	1	611.510358582412	441.822915771454	1	284.045011601895
ARL10	222.061243808945	95.6533787352728	173.13604386876	1	1	1	1
ARL4C	371.365262464217	1	231.798867983742	1	1	1	1
ARL6IP5	277.20985655323	1	253.720149489445	1	260.749343970475	327.909337530794	1
ARPC4	1	1	347.525735746526	1	1	1	1
ARPC5	372.616574215401	91.4604954574736	321.319254789848	1	241.925643583531	280.726574915581	1
ARPC5L	1	1	108.021174170867	1	1	1	1
ASAH1	354.608693086165	1	188.979921414372	291.731441445608	242.860900078017	1	1
ASF1B	1	1	115.570345789782	1	1	1	1
ASGR1	1	280.780285273716	1	1	1	1	1
ASGR2	1	295.926786222468	1	1	1	1	1
ASL	1	102.694830738787	1	1	1	1	1
ASPH	1	1	1	1	217.233982885436	1	1
ASPM	1	1	402.169900757127	1	1	1	1
ASPN	1	1	1	1	1041.2079079347	1155.42156261416	815.424210189295
ASS1	1	521.52419276064	1	1	1	1	1
ATAD2	1	1	205.300655757592	1	1	1	1
ATF5	1	277.721228024814	1	1	1	1	1
ATG3	1	1	121.128029318026	1	1	1	1
ATL3	1	1	158.599137265946	281.861010395508	1	1	1
ATP1A1	497.618478043783	1	222.435576474167	1	1	1	1
ATP1B1	472.523549051223	244.229604847309	388.780649648755	1	1	1	1
ATP1B3	356.597969111545	1	385.113790956318	2069.93506152605	297.888781556051	1	584.567888285627
ATP2A2	1	1	1	375.65849403326	1	1	1
ATP2B4	1	1	1	544.260070493159	1	1	279.213649381905
ATP5F1	212.342417114485	159.037474407332	163.951602070509	1	1	1	358.251919330618
ATP5G1	1	113.965840254962	1	1	1	1	1
ATP6AP2	209.778870554865	1	215.036836963493	1	398.315584136439	1	358.668734716885
ATP6V0B	234.471830197853	110.254962016183	228.946586238259	1	1	1	1
ATP6V0E1	322.418499259608	98.9463741949707	324.512118648312	1	328.057510722314	431.802305423672	1
ATP6V1E1	1	1	1	455.93973787295	1	1	1
ATP6V1F	237.572136284375	1	163.048586758962	1	1	1	1
ATP6V1G2.DDX39B	1	1	293.318987632645	1	1	1	1
ATPIF1	207.952899275316	279.656337679334	441.720781016407	1	1	317.065485294301	1
ATRAID	1	1	161.976163218231	1	169.871694728528	1	1
ATRX	217.156306688947	1	170.467356753023	271.802115571874	286.169827740152	1	1
AURKB	1	1	262.117832013468	1	1	1	1
AVL9	1	181.470803230123	289.860570956717	1	1	1	1
AXL	1	1	1	359.382982728241	1	343.231934081198	326.882492115187
AZGP1	1	933.523886067735	1	1	1	1	1
B4GALT1	1	75.1387597794469	1	1	206.755139874551	1	1
BAAT	1	834.933753559826	1	1	1	1	1
BAG3	1	1	1	422.604309142663	1	1	1
BANF1	1	1	117.493007229097	1	1	1	1
BASP1	308.868460537102	1	1	1	1	1	1
BBX	1	1	1	1	234.985492910081	1	1
BCAM	1	1	1	311.032298608431	1	1	1
BCAP31	288.666112805167	81.4492580644322	241.270662528162	1	1	1	347.488841711743
BCHE	1	198.82196908478	1	1	1	1	1
BCL2A1	1	1	300.304278083283	1	1	1	1
BCL2L2.PABPN1	288.954157871725	112.295287451961	285.482048967174	441.499628725944	1	1	1
BEX3	1	65.3629261973469	1	317.217966331293	287.298497882674	452.809060289477	375.230800828565
BGN	1	1	1	2569.34079819605	8149.99250781362	9114.86196643942	8110.70485754387
BHLHE40	1	1	1	348.92216275935	1	1	1
BHMT	1	535.65609385966	1	1	1	1	1
BHMT2	1	126.707702352329	1	1	1	1	1
BICC1	1	1	1	1	156.736508773226	1	1
BIRC3	1	1	240.837560437336	1	1	1	1
BIRC5	1	1	176.746261709982	1	1	1	1
BLVRB	1	182.491585975487	1	1	1	1	1
BMPR2	1	1	1	1	188.683218754136	349.301559700245	1
BNIP3	1	163.177624307597	1	1	1	1	1
BNIP3L	1	1	1	1	312.5178465593	1	1
BPTF	249.056008928956	1	1	1	242.510010436717	1	1
BRD2	1	1	143.480294215052	1	1	1	452.251755288459
BRD7	1	1	132.499837307293	1	1	1	1
BRI3	417.389507186887	160.289910906036	144.611372932385	1	219.19541337787	239.747459123855	1
BRI3BP	1	1	135.278502687064	1	1	1	1
BRK1	231.066170784338	125.490434939754	121.180619031861	1	255.97827210695	470.39098389647	1
BSG	1	1	108.694958077305	1	383.33925576654	362.111689408653	467.984075965505
BST2	310.269954308921	59.3611629889016	136.528141231742	1	213.109091604093	323.571607374639	1
BTG2	318.83552302174	1	255.839740063049	1108.51598016281	338.269917650822	1	1
BUB3	1	1	348.770207336699	1	1	1	1
BX248415.1	1	2043.99752661797	1	1	773.562822656398	1	1
BZW1	1	125.223604253524	102.033328444768	1	272.186715573969	1	1
C10orf10	1	131.817874002122	1	400.811773950385	1172.95317482979	490.468956985596	1
C11orf54	1	188.996052654318	1	1	1	1	1
C11orf58	1	84.1454496969677	104.917163587153	1	261.281210387797	295.598025903265	1
C12orf57	1	79.1259843174018	147.810811715842	542.855144551845	744.212747494154	736.86591110317	1108.64444327827
C12orf75	1	1	128.167586699625	290.309929831746	1	1	1
C1QA	1672.82481511913	1	340.948648087499	1	1	1	1
C1QB	2199.99030710066	1	474.752842591242	1	1	1	1
C1QC	574.579954784085	1	1	1	1	1	1
C1QTNF1	1	1	1	1033.56060103964	837.420258795949	1	675.886665474236
C1QTNF5	1	1	1	1	190.825225538469	1	1
C1R	1	1062.51828904879	1	1	4224.99675838006	1213.69880496382	520.324841083343
C1RL	1	109.624852657327	1	1	1	1	1
C1S	1	1253.92855194508	1	1	3080.97374487019	1279.76055925614	1
C1orf162	385.883492780367	1	348.637332505574	1	1	1	1
C1orf198	1	1	1	1	253.32941833107	1	1
C1orf43	264.252734777123	184.999393386803	141.35831393298	1	1	1	1
C1orf54	1	1	1	1	1	1	438.248147846038
C2	1	236.83479519383	1	1	1	1	1
C2orf40	1	1	1	366.769045337187	1	1	1
C3	852.32012279296	4732.80401837038	1144.56881999308	1	2053.58755240602	508.678191253762	1
C4A	1	242.064378800475	1	1	1	1	1
C4B	1	1237.34189927989	1	1	481.384473725016	1	1
C4BPA	1	674.854353148584	1	1	1	1	1
C4BPB	1	281.264495791688	1	1	1	1	1
C5	1	245.324818845157	1	1	1	1	1
C5AR1	320.82567696579	1	1	1	1	1	1
C6	1	339.590123130906	1	1	1	1	1
C6orf48	209.433972458987	1	302.272357951305	1	390.116435010793	410.636919458083	1
C6orf62	224.948261339738	1	227.326811695025	1	1	1	1
C7	1	1	1	1	5915.83978922836	485.154340604732	1
C8A	1	271.690305586668	1	1	1	1	1
C8B	1	316.554727276714	1	1	1	1	1
C8G	1	135.799370913137	1	1	1	1	1
C9	321.535293244605	785.741559111512	1	1	1	1	1
CA2	1	95.996718648539	1	1	1	1	481.613522344783
CAB39	1	1	208.472123282749	1	1	1	1
CACYBP	1	1	364.519311432431	1	1	1	1
CALCOCO2	1	70.4240042994741	142.138170352183	1	270.316274466127	1	1
CALD1	1	275.831028841625	1	3947.25553706429	1929.67858011185	2622.4066831511	3831.36604171468
CALM3	226.592927856501	80.2904425210113	535.634915076616	410.653232473468	1	1	1
CALU	1	1	1	1	443.880445208322	619.895111211832	351.996464966544
CAMK2N1	1	94.6538293971244	1	1	1	1	710.327078756041
CAPG	300.366037107733	1	548.83627037699	1	1	1	1
CAPN2	1	1	1	1	193.480275551631	423.462769052207	306.683955079272
CAPRIN1	1	1	142.80660729198	1	1	1	1
CAPZA1	240.821221459629	1	435.646571570804	1	1	1	1
CAPZB	207.790478666946	1	323.151984610308	1	1	1	1
CAT	1	609.302969403024	1	1	1	1	1
CAV1	1	1	1	545.671958459483	1	1	492.536420479511
CAV2	1	1	1	285.731174873502	1	1	1
CAVIN1	1	1	1	967.009446770592	392.755339859644	501.045356708914	515.827096212744
CAVIN3	1	1	1	558.629386450019	140.435567869238	299.528174961031	628.587822203336
CBR1	1	142.882798082987	1	1	1	1	1
CBSL	1	109.161691610635	1	1	1	1	1
CBX1	1	1	116.308112241717	1	1	1	1
CBX3	235.404399904919	103.889572801799	355.849655650369	1	168.464050068925	274.006566543932	1
CBX5	1	1	177.273708138708	1	1	1	1
CCDC107	1	1	1	452.617527173198	1	1	1
CCDC3	1	1	1	1012.20429418237	416.440221117056	373.870277333647	488.60629019928
CCDC50	1	1	1	1	1	1	340.735482122133
CCDC80	1	1	1	1	1675.6694344748	440.472234107173	1
CCDC88A	1	1	321.662868697268	1	1	1	1
CCL14	1394.60865606976	1	1	1	1	1	1
CCL2	1	1	1	828.301484879489	2412.11470107716	413.465665233319	1
CCL21	1	1	1	1	401.802600675965	1	1
CCL3	452.525539771341	1	341.947553700658	1	1	1	1
CCL4	498.427117275922	1	1041.25862898046	1	1	1	1
CCL5	1	1	491.93493070224	1	1	1	1
CCNA2	1	1	186.659130005684	1	1	1	1
CCNB1	1	1	430.295517348427	1	1	1	1
CCNB2	1	1	269.44284872581	1	1	1	1
CCND1	1	1	1	362.17645897752	1	381.321524697937	1
CCND2	1	1	1	1	1	1	266.08810375243
CCND3	1	1	230.870198955211	1	1	1	1
CCNL1	1	1	1	232.195195332893	1	1	1
CCPG1	1	1	1	1	170.713252169916	1	1
CCT2	1	1	181.608418752853	1	1	1	1
CCT4	1	107.223734938371	233.915857152875	1	200.746605029002	1	312.133415621251
CCT6A	1	1	302.576941515612	1	1	1	1
CCT7	1	1	173.714638731005	309.782867551895	1	1	1
CCT8	1	1	278.97015618098	1	1	1	1
CD14	473.895959821344	271.939461517311	1	1	1	1	1
CD151	199.550929134198	1	1	441.011365893334	240.508674276052	280.16562606652	545.264889826555
CD163L1	466.059906304957	1	1	1	1	1	1
CD164	247.059343763864	88.101241190506	270.926096414499	1	232.603001552643	1	303.23611665292
CD24	333.981766078723	1	1	1	1	1	1
CD248	1	1	1	1	1	318.514847023337	547.971999784025
CD302	1	144.917926424076	1	1	355.075554323092	1	1
CD37	1	1	199.742576850087	1	1	1	1
CD4	489.503276322894	1	197.349012448704	1	1	1	1
CD44	321.641282082979	1	321.958756726193	1	1	1	1
CD46	1	95.7838947218254	1	1	1	1	1
CD52	1	1	573.781574562884	1	1	1	1
CD53	333.504771734651	1	488.695330462407	1	1	1	1
CD55	257.106639989479	1	1	1	1	1	1
CD69	1	1	174.000145548387	1	1	1	1
CD74	16167.6256180967	327.906968228367	15895.309511606	381.090152273575	3064.40806308488	680.649730428038	914.827070194142
CD83	351.480818042444	1	280.942450054178	1	1	1	1
CD9	510.071628705086	1	232.634189478467	1094.61916014053	1	590.01130865281	603.154954251324
CDC25B	1	1	439.97020758476	1	1	1	1
CDC42EP3	1	1	1	1	355.782425637658	1	1
CDCA5	1	1	130.883635487654	1	1	1	1
CDCA8	1	1	202.37461941267	1	1	1	1
CDH11	1	1	1	1	1	274.584920917677	1
CDH6	1	1	1	1	1	1	385.323156970723
CDK1	1	1	438.245662870398	1	1	1	1
CDK2AP2	1	1	170.06201875887	1	1	1	1
CDK4	1	1	135.300425173355	1	1	1	1
CDKN1A	422.164789600351	1	452.557093512289	2159.09575597295	256.656937933328	363.847643111639	614.202585072228
CDKN2D	1	1	143.652790395688	1	1	1	1
CDKN3	1	1	252.019601771732	1	1	1	1
CDO1	1	225.451512893648	1	1	1	1	1
CDV3	279.223370439136	111.642101290397	157.597395821536	1	1	1	361.199755590757
CELF2	1	1	130.363490405808	1	1	1	1
CENPE	1	1	252.592267804863	1	1	1	1
CENPF	1	1	719.410914296666	1	1	1	1
CENPU	1	1	132.72058178189	1	1	1	1
CEP350	1	1	195.757774011819	1	1	1	1
CEP55	1	1	237.526195841402	1	1	1	1
CERS2	296.874407915297	376.138161628606	230.008911205825	1	280.62172732164	1	1
CES1	1	131.927254928783	1	1	1	1	1
CES2	1	244.324403259013	1	1	1	1	1
CFH	1	1284.58085865472	1	1	1911.6835285369	847.889537062282	414.385863545558
CFHR3	1	288.364276219302	1	1	1	1	1
CFI	1	501.804277472635	1	1	186.633873854283	1	1
CFL2	1	98.6521982093879	1	1	1	1	1
CFLAR	333.541310019292	1	209.567608136716	1	1	1	1
CHD4	1	1	293.196395805896	434.008891929408	176.216411123061	1	1
CHMP2A	220.603186041168	104.087833864715	332.278251361642	1	1	1	1
CHMP3	225.831298890324	1	1	1	243.454851110672	274.793090163007	253.386571088625
CHP1	1	161.195474051486	1	1	1	1	1
CHPT1	1	103.195155499804	1	1	1	1	1
CHST12	1	248.201994818242	651.767105543074	1	2320.21580253409	1	1
CHSY1	1	1	1	325.043773018845	1	1	1
CIDEB	1	353.666863128559	1	1	1	1	1
CISD3	1	96.1782509999783	1	1	1	1	1
CITED2	1	1	1	1	467.567224118997	1	1
CKAP2	1	1	217.59043452819	1	1	1	1
CKAP4	1	1	1	1	278.973733705026	247.64211313819	1
CKAP5	1	1	185.095100846411	1	1	1	1
CKB	1	1	1	516.741195024576	1	1	1
CKLF	1	1	362.067215575275	1	1	1	1
CKS1B	1	1	298.053541672196	1	1	1	1
CKS2	1	1	307.785561848668	1	1	1	1
CLDN1	1	306.81611953298	1	1	1	1	1
CLEC11A	1	1	1	1	352.677029731816	376.981553611012	1
CLIC4	1	1	1	452.990233702245	301.489095674568	376.169450455452	364.518293033763
CLK1	1	1	296.418357174559	1	1	1	1
CLSTN1	1	1	1	1	334.247425387044	1	1
CLTA	223.15790769745	84.065601331476	184.462790934098	1	1	313.867216953405	1
CLU	635.834491231418	2454.43566871139	1	975.15424513175	285.250492530559	1	1
CMBL	1	356.62794371281	1	1	1	1	1
CMC1	1	104.420564330494	1	1	1	1	1
CMPK1	201.216710376994	192.359776393787	155.433519718731	1	1	1	1
CMTM3	1	1	1	1	1	358.940410405972	1
CMTM6	268.63514704419	101.453791064305	263.272090483618	1	1	1	1
CNIH1	1	118.74155845509	1	1	1	1	1
CNN1	1	1	1	902.927254701545	1	1	1
CNN2	1	1	264.946711936392	1	433.981699106862	301.964430472478	1
CNN3	1	1	1	1	290.569087742464	214.619806329015	396.375254239938
CNOT1	1	1	167.809474238966	1	1	1	1
CNPY3	1	1	278.057138077302	1	1	1	1
CNTRL	1	1	172.882743134976	1	1	1	1
COL10A1	1	1	1	1	255.411886872981	513.760124042637	1
COL12A1	1	1	1	1	290.855470479947	411.841898953655	540.290908979384
COL14A1	1	1	1	284.148619569586	890.96498424063	294.956017877936	644.487704357685
COL16A1	1	1	1	1	219.967250499186	1	1
COL18A1	1	298.228938046459	1	1107.29644532472	305.924403356265	1612.8908077307	2624.22928486085
COL1A1	1	1	1	509.909008949958	11558.6081136969	15136.0440023926	3875.76683567809
COL1A2	1	1	1	1	7869.64236191907	12159.1581936036	5763.18625107886
COL3A1	1	1	1	1	10202.1997212738	12977.4564031399	4554.74794309196
COL4A1	1	1	1	665.220090804735	1641.81313549276	3373.51284601657	3639.13491218595
COL4A2	1	1	1	692.756109014214	1579.33515626329	3767.30600700891	3202.84732525045
COL5A1	1	1	1	1	918.519888946463	1780.72922613268	926.01714218051
COL5A2	1	1	1	1	817.546848915695	1295.55647166469	703.598082440664
COL6A1	1	1	1	394.36638297913	2030.54968026999	597.968909660894	1134.61868756734
COL6A2	1	1	1	798.255762986294	1847.28876898756	627.040956900787	905.255685445853
COL8A1	1	1	1	1	265.618729322014	461.061299457853	1
COLEC10	1	1	1	1	533.378481375262	1	1
COLEC11	1	1	1	1	2686.19919494073	1581.37571153247	655.446316281764
COMMD1	175.792597879026	1	462.745982739362	1	1	1	1
COMMD4	1	1	150.692923717432	1	1	1	1
COMP	1	1	1	1	1	631.167334501097	1
COMT	1	209.335526434496	1	1	1	257.105022663603	1
COPA	1	53.9582364387655	1	1	184.488868813001	1	1
COPB2	1	1	95.7591644361292	1	1	1	1
COPS9	1	1	260.706124410531	1	1	294.902305428139	1
CORO1A	1	1	514.050607354057	1	1	1	1
CORO1B	1	1	207.053845005931	1	1	1	1
COTL1	457.983032735774	1	895.030501159527	1	1	1	1
COX14	1	111.345254042758	1	1	1	1	1
COX16	1	116.285113093239	1	1	1	1	1
COX17	1	146.129313923746	247.643061476528	1	1	1	364.515917321173
COX20	1	89.5023606497012	1	1	1	1	1
COX5A	238.041837966688	171.93165189441	310.504751153763	1	1	1	386.319257341213
COX7A1	1	1	1	324.806054515826	1	1	1
COX7B	307.267359811726	228.574561209508	490.034529685549	1	1	1	486.331601553177
CP	1	1139.131696132	1	1	1	1	1
CPB2	1	584.657195041223	1	1	1	1	1
CPE	1	1	1	459.30431300354	1	1	850.946566773068
CPEB4	1	91.2027674367283	1	1	1	1	1
CPM	305.34844401816	1	1	1	1	1	433.769510221063
CPN2	1	143.933369235493	1	1	1	1	1
CPS1	1	907.825828309402	1	1	1	1	1
CPVL	418.119942616756	1	462.207383959632	1	1	1	1
CREBBP	1	1	284.839270854708	1	1	1	1
CREG1	396.112988275528	192.319148866361	164.264700968877	1	1	1	1
CREM	1	1	1	627.645354936029	1	1	1
CRIM1	1	1	1	430.538977158922	185.373829012431	1	1
CRIP1	1	1	1029.34886554507	3751.84671335072	1	565.982786003544	2773.63655705122
CRIP2	1	1	1	1065.06097802618	175.720731921771	582.90737298342	925.273256360871
CRISPLD2	1	1	1	1570.25288969566	1244.60678945875	465.975423752152	796.098534432044
CRLS1	1	103.310402822799	1	1	1	1	1
CRP	1	334.414070548454	1	1	1	1	1
CRTAP	1	1	163.711218623397	677.491170691981	480.222941424688	314.044559494517	235.586558303541
CRTC3	1	1	1	1	1	1	319.0788852974
CRYAB	1	1	1	664.093283714107	1	369.237230634664	438.55605447298
CRYL1	1	118.940547741573	1	1	1	1	1
CRYZ	1	141.521079432471	1	1	1	1	1
CS	1	1	172.512932247059	1	1	1	1
CSF1R	343.845332179802	1	343.896048779017	1	1	1	1
CSNK2B	228.937619781936	93.9185616671863	347.629977489587	1	1	1	1
CSPG4	1	1	1	262.939520674013	1	1	463.135372010017
CSRNP1	1	1	1	406.439885485809	1	1	1
CSRP1	1	1	1	1316.29834243318	215.747588346726	367.194187547023	598.837167043083
CSRP2	1	1	1	248.849354265028	1	1	428.748467136643
CST1	1	1	1	1	1	1005.13155089955	1
CST2	1	1	1	1	1	567.175763424554	1
CSTB	599.301987965821	169.497484450718	489.077715590515	1	190.024932389992	258.852217581182	303.049902986813
CTAGE5	1	254.225084808803	1	581.948108650777	1	1	1
CTGF	1	1	1	370.746797386411	4070.40226983612	2572.5264186652	730.648525741735
CTHRC1	1	1	1	1	178.438631163519	903.961766372303	1
CTNNB1	1	1	1	1	1	253.029146268964	1
CTNND1	193.733886119759	71.0173821197484	1	1	1	1	1
CTSA	274.656039763511	1	186.808923094265	1	1	1	1
CTSB	2863.80586450755	466.680805654512	1129.28153260007	1	613.325007396108	896.253668337749	925.635640904912
CTSC	467.292179469516	1	422.345292458847	1	504.464258660972	394.400438284335	1
CTSH	392.311195025719	106.623515125094	410.671192369593	1	1	1	1
CTSK	1	1	1	1	280.103158876171	353.033457455594	1
CTSL	654.18166789654	65.0128509282547	1	1	1	1	1
CTSS	1080.82641885797	1	543.853104574209	1	1	1	1
CUTA	1	83.0293796751067	1	1	291.275010793466	1	1
CXADR	1	148.901847706047	1	1	1	1	1
CXCL12	1	1	1	1	4308.34363485933	1	1
CXCL14	1	64.4655854351376	134.714697917472	1	1554.90893150843	700.190009268791	1
CXCL16	395.736212006613	1	122.250162293704	1	1	1	1
CXCL2	290.193593489402	221.82523610942	1	1	1	1	1
CXCL8	475.125281877076	1	200.386042231023	1	1	1	1
CXCR4	867.540733927074	1	1067.6855675932	1	1	1	1
CYB5A	1	1274.73590481886	133.382994414332	1	1	1	1
CYBA	689.065565745139	1	799.470833909961	1	1	1	1
CYBRD1	1	1	1	1	478.030031240699	357.674855254248	317.544088318537
CYC1	1	101.258492344327	1	1	1	1	1
CYCS	259.398238971979	119.31063005607	253.912095797659	761.683765758406	1	1	1
CYGB	1	1	1	1	245.53343404449	338.18265735729	877.267620562465
CYP1A2	1	127.568917435842	1	1	1	1	1
CYP1B1	1	1	1	1	344.562661423373	301.313956352717	1
CYP27A1	1	260.316333725527	1	1	1	1	1
CYP2A6	1	401.982670581162	1	1	1	1	1
CYP2A7	1	289.016013038903	1	1	1	1	1
CYP2B6	1	258.468071859883	1	1	1	1	1
CYP2C18	1	110.453691830544	1	1	1	1	1
CYP2C8	1	1040.33191489322	1	1	1	1	1
CYP2C9	1	891.272006509624	1	1	1	1	1
CYP2D6	1	204.663456857831	1	1	1	1	1
CYP2E1	1	6181.55668411777	1	1	1	1	1
CYP3A4	1	3302.06729063859	1	1	1	1	1
CYP3A5	1	367.695542952596	1	1	1	1	1
CYP3A7.CYP3A51P	1	160.436157327774	1	1	1	1	1
CYP4A11	1	697.574265462355	1	1	1	1	1
CYP4A22	1	190.130229563062	1	1	1	1	1
CYP4F2	1	173.958079142228	1	1	1	1	1
CYP4F3	1	166.07288884848	1	1	1	1	1
CYP51A1	1	201.050803493608	1	1	1	1	1
CYP8B1	1	249.963788353065	1	1	1	1	1
CYR61	1	1	1	1	3035.97973358215	1552.58323216577	871.611090279062
CYSTM1	1	120.418343699999	1	330.485549281363	1	1	1
DAAM1	1	1	1	1	251.259461950326	1	1
DAGLB	252.172655668635	181.409932316116	172.707917453005	1	327.644697616804	425.83253583687	1
DAO	1	91.5683343152702	1	1	1	1	1
DAP	1	84.4984290968619	142.136869681018	1	210.914017209117	1	1
DCAF7	1	1	184.415600660292	1	1	1	1
DCK	1	1	247.56673500642	1	1	1	1
DCN	1	1	1	1	13462.3156658044	7813.01202107177	4352.85418955776
DCP2	1	1	161.79249157282	1	1	1	1
DCXR	1	1062.59205241953	1	1	1	1	1
DDIT4	1	1	300.751847198113	1	1	1	1
DDT	1	443.18147790067	249.544583459702	1	1	1	1
DDX18	1	1	326.439238888654	1	1	1	1
DDX21	258.272989178359	1	192.518461907349	338.442851841062	1	1	1
DDX24	1	1	1	216.703682883347	185.349714777041	1	1
DDX39A	1	1	136.737240374628	1	1	1	1
DDX3X	1	1	135.197578290088	1	234.957957427415	1	1
DDX46	1	1	165.442968088719	1	1	1	1
DECR1	1	435.575434992981	141.380225665547	1	1	1	1
DEFB1	727.765720881817	286.849894927833	300.236114652974	1	1	1	1
DEK	317.125293120291	96.5937230047454	786.402930063536	437.568644640506	1	1	373.089765859811
DGAT2	1	163.66872466671	1	1	1	1	1
DGUOK	1	1	192.580067842384	1	1	1	1
DHCR24	1	303.99039191854	1	1	1	1	1
DHFR	1	77.4416611968573	297.977150822703	1	1	1	1
DHRS1	1	100.616734473391	1	1	1	1	1
DHRS3	1	106.669488676078	1	1	1	1	1
DHRS7	212.878215481268	151.041478390487	1	1	1	1	1
DHTKD1	1	130.903510563257	1	1	1	1	1
DIAPH1	1	1	244.508766885964	1	1	1	1
DIO1	1	105.537253797796	1	1	1	1	1
DKK3	1	1	1	1	540.526867312362	1171.97744127789	1165.23039403424
DLC1	1	1	1	1	358.763925523631	1	419.230672618213
DMD	1	1	1	380.105397368558	1	1	1
DMGDH	1	100.732412341064	1	1	1	1	1
DNAJB6	1	1	203.274404939892	1	1	1	1
DNAJC1	1	1	156.075022348508	1	1	1	1
DNAJC8	1	1	136.316687251103	203.294019625346	1	1	1
DNAJC9	1	1	187.220395714763	1	1	1	1
DNASE1	248.49734632298	248.618702441322	192.426909532587	1	1	1	1
DNASE1L3	953.255941465265	1	1	1	1	1	1
DNMT1	1	1	154.618482773415	1	1	1	1
DNMT3A	336.292881002694	148.843410209113	359.151457076643	1	218.732260378456	1	1
DOCK8	1	1	135.92649515094	1	1	1	1
DPT	1	1	1	1	790.659851368454	1	1
DPYS	1	377.894719798756	1	1	1	1	1
DPYSL2	214.767486531799	1	237.690094104048	1	444.239410079999	1	521.982537673729
DPYSL3	1	1	1	1	358.451045446276	354.673081368233	1
DR1	1	1	191.558036917844	1	1	1	1
DSP	1	183.366582109853	1	1	1	1	1
DSTN	395.465278329328	232.504819247192	242.714767967707	4720.46458974712	671.32094185402	1239.18398222535	1666.34630768879
DTYMK	1	1	166.918057715909	1	1	1	1
DUSP2	335.237087222753	1	311.147854500309	1	1	1	1
DUSP6	1	1	1	1	279.714567017562	1	1
DUT	1	1	465.023095142646	1	1	1	1
DYNC1H1	1	1	1	370.492955030773	1	344.955382047057	558.248360537262
DYNC1LI2	1	1	1	1	205.901762412974	242.750044648513	1
DYNLT1	1	1	1	247.883356281545	1	297.396804044296	1
EBP	1	245.215158717202	1	1	1	1	1
EBPL	1	95.3639367822849	1	1	1	1	1
ECH1	224.803121921462	443.25239862651	1	313.450614454366	1	1	1
ECHDC2	1	191.342190524904	1	1	1	1	1
ECHS1	1	788.124476400764	1	1	1	1	1
ECI2	1	268.518216329196	1	1	1	1	1
ECM1	1	1	1	1	961.959968536422	1	1
EDNRA	1	1	1	357.04060573551	1	1	1
EDNRB	1	1	1	1	853.066099822745	1	1
EFCAB14	1	1	235.289651942002	1	1	1	1
EFEMP1	1	1	1	1	876.375553876667	1	1
EFEMP2	1	1	1	1	261.885719139773	1	1
EFHD1	1	1	1	590.510605339858	1	1	659.440554886639
EFHD2	1	1	247.577192699411	1	1	1	1
EFNA1	1	96.6137842076348	1	1	1	1	1
EHD2	1	1	1	592.819616928088	233.953102321381	1	473.670259594599
EHHADH	1	199.474954120369	1	1	1	1	1
EI24	1	184.255187593251	1	1	1	1	1
EIF1AX	1	114.601780575529	162.346165616078	368.632571147057	1	1	1
EIF1B	1	1	1	281.68769174498	1	1	1
EIF2AK1	1	118.730451360987	352.636355295088	1	1	1	1
EIF2S2	283.964965989362	117.402849370914	350.630698740578	1	266.482802271439	261.804783931007	1
EIF3A	304.103355809692	117.454315735134	274.428868975544	499.731024233544	1	1	1
EIF3D	225.224137612906	1	207.348201800958	1	199.801652797448	1	1
EIF3F	210.922319954812	67.1769247744417	228.530941897326	1	1	1	1
EIF3G	1	1	127.567229145149	1	1	1	1
EIF3M	1	90.8217061652369	141.441807627804	1	1	1	403.826414592673
EIF4A3	1	1	331.11919952367	1	1	1	1
EIF4EBP2	1	140.258005135166	113.073756997321	1	233.858664105923	1	1
EIF4H	1	97.9742044364045	1	1	1	1	1
EIF5	301.043106925472	151.492909836744	297.860837766869	318.93638175666	1	267.90051385893	1
EIF5B	252.624238317735	86.5096855648628	194.538753424377	395.807987769932	272.298314650164	1	1
ELF1	226.926963638904	1	181.949597000898	1	1	1	1
ELL2	1	69.8642297252229	1	431.634652201392	1	1	1
ELN	1	1	1	1	325.575526735143	1	1
ELOC	1	63.209441299199	206.95900219586	376.176480382121	1	1	1
EMB	1	1	147.562781922871	1	1	1	1
EMC4	1	78.0092911649495	179.868402688372	1	1	1	360.172126467331
EMILIN1	1	1	1	1	640.785031746508	479.513829811448	1
EML4	1	1	241.403694162767	1	1	1	1
EMP1	1	1	1	1	452.856585480772	1	1
EMP2	1	102.726828199398	1	1	1	1	1
ENAH	1	1	1	420.883812491323	1	261.16794830934	1
ENC1	1	1	1	1	1	278.057382332366	1
ENG	460.082839730308	1	1	1	1149.09659230949	2123.00437201577	1580.09315560249
ENPEP	1	1	1	386.650108900993	1	1	1
ENSA	267.59096546913	81.2406255766773	261.950427792782	1	1	1	1
ENTPD1	1	1	1	1	1	270.219571274851	280.271265135634
ENTPD5	1	176.691165808284	1	1	1	1	1
ENY2	1	66.1811794251046	245.496836970808	1	1	1	1
EP300	1	1	253.798451885612	1	1	1	1
EPAS1	374.284281738586	77.8712473979235	1	748.940768225051	571.331244305111	1	1070.29279944988
EPB41L1	1	1	1	1	1	1	407.863107156421
EPCAM	369.282997616745	1	253.883708231683	1	1	1	1
EPHX1	1	891.082015453769	1	1	1	1	1
EPHX2	1	109.531703144351	1	1	1	1	1
EPRS	1	1	1	1	187.569790384382	1	1
EPS8	1	1	1	1	338.373177755075	322.054954920141	581.980428288903
ERGIC3	258.788852897627	103.723499442579	233.007392178523	1	307.428576999799	342.764826505	1
ERH	1	60.6422512871888	320.089338606922	1	1	1	1
ERP29	1	108.744954812794	1	1	1	1	1
ERP44	1	95.4439576578907	1	1	1	1	1
ERRFI1	1	594.112222253816	1	1	368.252325381278	348.785331462008	1
ESAM	1	1	1	247.767305644359	1	1	352.748073828971
ESD	1	192.365241527106	194.706830871359	286.162166091848	1	343.102943792466	413.685604416926
ESYT2	1	1	1	528.921501383904	1	1	1
ETFB	1	319.123023833741	168.077252347578	1	1	1	1
ETNK2	1	106.698760457809	1	1	1	1	1
ETS1	1	1	151.22302523514	1	1	1	447.982112879407
ETS2	384.099614603247	127.21564350867	225.626328714871	613.196371505325	295.82921754092	1	1
ETV1	1	1	1	1	1	1	313.491830653676
EVI2B	1	1	196.284772341744	1	1	1	1
EWSR1	1	1	233.441725186347	1	1	1	1
EZR	290.065597289929	1	432.62583163811	1	1	1	1
F10	1	105.575573476864	1	1	1	1	1
F12	1	238.626288664464	1	1	1	1	1
F2	1	717.300500508024	1	1	1	1	1
F2R	1	1	1	1	489.358942309191	1147.89884255783	551.101660516753
F3	1	1	1	1	1	620.916160405209	532.720546964091
F5	1	242.545577053527	1	1	1	1	1
F7	1	106.70074679864	1	1	1	1	1
F9	1	214.986455932831	1	1	1	1	1
FABP1	1	3444.69969984946	1	1	1	1	1
FAF1	1	1	166.675383687571	1	1	1	1
FAH	1	165.30293381718	1	1	1	1	1
FAM111A	1	1	160.401497053582	1	1	1	1
FAM114A1	1	1	1	1	161.443559900497	1	1
FAM129A	1	1	1	617.66427938715	1	1	1
FAM13A	1	94.1423159662811	1	1	1	1	1
FAM162A	1	210.995535271904	1	1	1	1	1
FAM210B	1	99.4414622847916	1	1	1	1	1
FAM213A	1	168.810765705929	1	1	1	1	1
FAM241A	178.502668024769	1	167.447836810923	1	1	1	1
FAM49B	1	1	275.45638704128	1	1	1	1
FANCI	1	1	172.595233585494	1	1	1	1
FAT1	1	1	1	1	1	1	339.225588306577
FBL	194.395785572741	51.3192505616799	343.828526944919	1	1	1	1
FBLN1	1	1	1	1	878.425846235304	1	1
FBLN5	1	1	1	1	798.515225046838	1	1
FBN1	1	1	1	1	659.845620728097	440.331262076963	1
FBP1	1	449.319323539167	1	1	1	1	1
FBXL3	1	1	1	376.898937410878	1	1	1
FCER1G	690.333851971605	1	333.230737514069	1	1	1	1
FCGR2A	326.882990752373	1	133.524036954236	1	1	1	1
FCGR3A	640.354983582916	1	227.769593753389	1	1	1	1
FCGRT	617.801491705575	181.030903799149	203.124502299286	1	270.918780146425	1	1
FCN3	892.23280986821	1	1	1	1	1	1
FDFT1	1	92.3237641190562	1	1	1	1	1
FDPS	1	214.529342867871	173.986383316374	1	1	1	1
FEN1	1	1	126.419863455621	1	1	1	1
FERMT2	1	71.972576486732	1	264.493556405071	401.054447661571	245.058136710766	586.863117180006
FETUB	1	131.069086703732	1	1	1	1	1
FGA	1	5372.91509160558	1	1	1	1	1
FGB	1	8323.06251638731	1	1	1	1	1
FGF1	1	1	1	1	1	1	408.180501040759
FGFR1	1	1	1	1	212.133057755997	1	1
FGFR2	1	1	1	1	239.790867618931	1	1
FGG	281.37464372176	8036.89093071925	1	1	1	1	1
FGL1	1	1002.77749983232	1	1	1	1	1
FGL2	345.334352488244	1	190.344052188789	1	1	1	1
FH	1	145.552439294284	1	1	1	1	1
FHL1	1	1	1	750.437554432508	510.115003481227	1	1
FHL2	1	1	1	1	359.038317330051	493.372150159631	1
FIBP	1	1	132.040475992027	1	1	1	1
FILIP1	1	1	1	356.201837900674	1	1	1
FILIP1L	1	1	1	284.614413930422	982.254919580891	462.553834834398	844.352897418098
FKBP1C	219.613882411597	1	1	1	1	1	1
FKBP2	1	178.480885971348	1	1	1	1	347.9346187327
FKBP9	1	1	1	1	277.127730256905	303.882980513479	1
FLII	1	1	183.421166646671	1	1	1	1
FLNA	1	1	305.348178636181	2391.37970905749	577.84389768417	628.925120384984	790.088523265732
FLOT1	1	1	142.841384913027	1	1	1	1
FMNL1	1	1	115.629689390247	1	1	1	1
FMO3	1	442.350274771701	1	1	1	1	1
FMO5	1	259.378382293017	1	1	1	1	1
FMOD	1	1	1	1	451.345673589315	499.408562995239	360.207211413362
FN1	424.528049559469	1092.76237786778	352.061266287801	561.88079586005	3582.09623433869	7923.26904818972	8062.28276873834
FNBP1	1	1	202.38645111751	1	1	1	1
FNDC1	1	1	1	1	1	407.825550141502	1
FOSL2	1	1	1	488.77179792301	1	1	1
FOXC1	1	1	1	353.923245060681	1	1	1
FOXO1	1	97.0123272421296	1	1	1	1	1
FOXO3	1	1	1	233.431288872063	237.282901824394	1	1
FRZB	1	1	1	549.849957675347	1	1	949.884263148119
FSTL1	1	1	1	415.027912843819	1133.97979003699	1225.24701012072	1296.60464508336
FSTL3	1	1	1	1	361.518132642084	1	1
FTCD	1	292.480795915369	1	1	1	1	1
FTL	16399.2857946815	6050.15350145736	7575.18256089857	1604.77413990519	3250.7921224955	3374.41535925025	2467.54813591784
FUCA2	1	1	130.245057680051	1	1	1	1
FUOM	1	157.347228380787	1	1	1	1	1
FUS	221.075316504556	1	178.65439711324	1	167.490492949417	1	265.709914721299
FXYD1	1	138.264491751696	1	391.352317095951	1	1	1
FXYD2	556.169770559492	1	302.059140207296	1	1	1	1
FXYD5	409.637617765974	1	518.663469530686	1	1	1	1
FXYD6.FXYD2	1	1	1	1	316.087324827355	1	343.485743656924
FYB1	362.091529414981	1	320.49456090138	1	1	1	1
G3BP1	1	1	112.517563080585	1	1	1	1
G6PC	1	424.725625013221	1	1	1	1	1
GABARAPL1	1	95.2070724539278	1	290.578778162516	1	1	1
GABARAPL2	1	1	1	1	302.692222058481	1	1
GADD45A	1	155.213346603778	1	1	342.755474443861	389.485711708882	1
GADD45B	507.51997901801	176.088696890425	472.576186451215	2950.35280502257	445.460564885006	310.112735122047	489.107991498987
GALNT1	1	1	174.689780972741	1	1	1	1
GAMT	1	195.416062379891	1	1	1	1	1
GAS6	1	1	1	1	329.803922338466	1	1
GATA6	1	1	1	1	217.913150800637	1	1
GATM	1	968.156888180721	1	1	1	1	1
GC	290.578350572318	4326.82295672543	1	1	1	1	1
GEM	1	1	1	406.333056270119	508.050703771909	634.065380343514	354.833267684749
GGA2	1	1	210.656361356511	1	1	1	1
GGACT	265.688215808833	129.94578421917	213.197102318603	1	204.081878176944	274.879100537659	1
GGH	1	119.799594400495	1	1	1	1	1
GGNBP2	1	1	204.339150167271	1	1	1	1
GGT5	1	1	1	1	608.370790928697	407.929158459304	1
GHITM	223.31287612053	241.149558346902	267.73339213568	1	1	1	413.867090513486
GJA4	1	1	1	544.025252607489	1	1	686.489693068603
GJB1	1	142.427786529547	1	1	1	1	1
GJC1	1	1	1	1	1	1	387.008919113676
GLG1	1	1	119.799633802907	1	235.998973802379	213.179464320127	1
GLRX5	1	107.158192973581	1	1	1	1	1
GLUD1	1	345.210640307537	1	1	1	1	1
GLYAT	1	275.271041812666	1	1	1	1	1
GLYATL1	1	260.568769824977	1	1	1	1	1
GMFG	1	1	354.594427725773	1	1	1	1
GMNN	1	1	151.101089839247	1	1	1	1
GNG11	1	1	1	1	233.747997229126	1	1
GNG12	1	1	1	1	175.609547148327	1	1
GNG5	358.240540739728	146.119209682176	369.196674811601	1	185.224288043508	1	1
GNMT	1	204.257946444267	1	1	1	1	1
GNPNAT1	1	107.730938699737	1	1	1	1	1
GNS	224.859223280115	1	1	1	1	1	1
GOLGA4	266.050442719473	147.690965801736	1	1	1	1	1
GOLGB1	256.792431112436	1	1	413.25039547621	297.486055958239	302.5569238538	1
GOT1	1	202.081617417423	1	1	1	1	1
GOT2	1	231.955735019651	1	1	1	1	1
GPAM	1	104.032444490139	1	1	1	1	1
GPC6	1	1	1	1	240.781650022519	1	1
GPI	1	83.1753706132	260.532452076241	1	1	1	1
GPNMB	388.394888186152	1	1	1	209.028213612456	1	1
GPR183	1	1	321.740356241406	1	1	1	1
GPX1	1354.85077643111	250.59471900201	1192.13637527504	1	280.560589627365	285.075672460971	481.900893728648
GPX3	1	110.050000992577	1	1939.30966654907	2015.82531083688	1	692.97639103881
GRAP2	1	1	163.539608715506	1	1	1	1
GRB2	252.698179429329	1	188.136927673927	1	1	1	1
GREM1	1	47.314716879056	1	1	1	486.710472487622	1
GRHPR	1	600.252134846822	1	1	1	1	1
GRINA	279.832523352613	167.579222158583	1	1	245.131744808428	1	1
GRN	727.863675573941	1	407.846317787323	1	256.278156939924	297.906432473502	1
GRSF1	1	1	157.845971776536	1	1	1	1
GSDMD	1	1	270.775160069517	1	1	1	1
GSPT1	214.507935343146	95.6022176235163	152.349651034305	1	1	1	1
GSTA1	1	2104.71198704216	1	1	1	1	1
GSTA2	1	988.932496673621	1	1	1	1	1
GSTK1	229.35279498746	221.670569799917	221.895914892965	1	1	1	1
GSTM2	1	355.923035418852	1	1	1	1	1
GSTM3	1	1	1	1	298.024196829659	1	1
GSTM4	1	529.651139129488	1	1	1	1	1
GSTO1	286.215145148939	339.90899525091	230.94322091241	1	210.659465546119	474.409209552216	1
GSTZ1	1	106.991433915753	1	1	1	1	1
GTF3A	1	103.884792816113	1	1	1	1	1
GUCY1A3	1	1	1	319.314207741087	1	1	286.632867889023
GUCY1B3	1	1	1	1	1	1	366.001803057845
GXYLT2	312.938500833231	1	189.854695183345	1	1	1	1
H1FX	1	86.2102069256886	419.744614191447	1	1	1	1
H2AFJ	1	1	1	1	196.209824722304	1	1
H2AFV	1	84.3937680973612	858.347440439016	1	1	1	345.767940697271
H2AFX	1	1	363.464877347145	1	1	1	1
H2AFY	411.221916011383	114.479391488867	561.227642838589	1	1	1	1
H3F3C	212.570366957745	1	164.88464091492	1	1	1	1
HAAO	1	157.876675469825	1	1	1	1	1
HABP2	1	401.96200282234	1	1	1	1	1
HADHA	245.783339852448	205.669781655555	171.21978304633	1	1	1	1
HADHB	1	228.755502336552	1	1	1	1	1
HAGH	1	220.332611070935	1	1	1	1	1
HAMP	1	211.814924956477	1	1	1	1	1
HAO1	1	223.587237316019	1	1	1	1	1
HAO2	1	158.57845955539	1	1	1	1	1
HBEGF	275.803980145111	1	1	1	1	1	1
HCFC1R1	1	1	1	1	257.895695169335	1	1
HCLS1	292.823530710014	1	228.786292316781	1	1	1	1
HDAC1	1	1	173.607769677926	1	1	1	1
HDGF	273.351107578674	244.161739129688	364.54314367688	1	1	281.108167720745	1
HERPUD1	665.228374378033	111.905852234648	453.208343871161	1	174.492986676944	383.049998844177	1
HES4	1	1	1	721.224994349929	1	1	1
HEXB	1	73.0247962636134	161.671760117948	1	365.719530068894	324.625793524467	1
HEXIM1	1	1	1	302.575655946921	1	1	1
HEYL	1	1	1	386.336598884788	1	380.986347175791	619.597139015813
HFE2	1	129.753030499189	1	1	1	1	1
HGD	1	166.174891676779	1	1	1	1	1
HGF	1	1	1	1	555.131204494423	1	1
HHIP	1	1	1	1	340.591791440023	1	1
HIBADH	1	121.209845365735	1	1	1	1	1
HIF1A	232.923359557639	1	166.758833998039	385.245173432788	1	1	1
HIGD1B	1	1	1	1	1	1	393.329680046885
HINT2	1	109.881519925822	1	1	1	1	1
HIP1	1	1	1	1	1	1	298.665121544348
HIST1H1B	1	1	193.620144240246	1	1	1	1
HIST1H1C	1	1	928.92225169525	1	1	1	1
HIST1H1D	1	1	369.836919448651	1	1	1	1
HIST1H1E	1	1	267.096743092455	1	1	1	1
HIST1H4C	294.49621472452	168.260593911082	5468.38679488033	462.6289421719	1	426.55339957548	1
HIST2H2AA3	1	1	343.676614718563	1	1	1	1
HIST2H2AA4	1	1	507.824545106087	1	1	1	1
HIST2H2AC	1	1	206.052479354774	1	1	1	1
HLA.DMB	370.964153362094	1	303.936369685723	1	1	1	1
HLA.DPA1	3523.33239065582	1	3512.09171434484	1	585.993935693201	1	1
HLA.DPB1	2562.96283383974	1	2295.645484698	1	397.491678073841	1	1
HLA.DQA1	1261.23720976516	1	785.145840878092	1	1	1	1
HLA.DQA2	1	1	209.818135376422	1	1	1	1
HLA.DQB1	1308.01983665991	1	1485.21766695279	1	1	1	1
HLA.DRA	4387.273324307	1	4160.43228276101	1	468.936787354661	1	1
HLA.DRB1	4098.92394006685	1	4399.81897813938	1	1291.66437513617	1	1
HLA.DRB5	644.573268244788	1	558.503905424983	1	1	1	1
HLA.E	2589.98747629149	216.379039112989	1019.09889452838	313.248770997573	839.198325616334	793.54811543236	995.226861761176
HLA.F	257.113614385989	1	213.507117702399	1	1	1	1
HLF	1	139.903790231787	1	1	1	1	1
HMGA1	1	1	319.898380868221	1	1	1	1
HMGB2	1	1	2301.45711880395	1	1	1	1
HMGB3	1	1	111.784074322924	1	1	1	1
HMGCL	1	130.475171246534	1	1	1	1	1
HMGCS1	1	182.921805557034	1	1	1	1	1
HMGCS2	1	1163.90259622525	1	1	1	1	1
HMGN1	282.048205541268	62.8918436561555	616.122482768427	1	208.826420650296	1	1
HMGN2	1	1	405.119105294976	1	1	1	1
HMMR	1	1	230.598763263156	1	1	1	1
HNMT	1	129.936889592022	1	1	1	1	1
HNRNPAB	223.225407225636	95.1395052847128	379.054759386489	1	197.223890980465	1	567.159573998096
HNRNPF	248.544293691439	128.153376274244	275.499551907077	1	1	1	1
HNRNPH1	1	1	175.432138057417	1	1	1	1
HNRNPH3	1	1	1	398.258504879386	1	1	1
HNRNPM	203.400727094461	77.4143518545931	194.282405508261	1	1	1	1
HNRNPR	1	1	161.330934296593	1	1	1	1
HNRNPUL1	235.021824145081	1	368.525715346032	335.733339428398	1	1	1
HNRNPUL2.BSCL2	1	1	188.53052263287	1	1	1	1
HOOK2	1	273.220103739981	284.018666883023	1	1	1	1
HOOK3	1	1	134.045819881585	1	1	1	1
HOPX	1	1	1	1	1	1157.44856135506	498.479568972523
HP	300.839596409008	20210.9829731314	1	233.417029450243	328.341740695348	1	1
HP1BP3	1	1	447.705402723013	1	1	1	1
HPD	1	773.445357529817	1	1	1	1	1
HPGD	1	114.242294539104	1	1	1	1	1
HPN	1	254.758567898201	1	1	1	1	1
HPR	1	2562.05184971065	1	1	1	1	1
HPX	1	1890.04548085549	1	1	1	1	1
HRG	1	1874.65715430591	1	1	1	1	1
HSBP1	1	113.643422450564	266.821366029274	1	278.753289121515	275.617003762454	1
HSD11B1	1	444.026747328963	1	1	1	1	1
HSD17B12	1	96.8265470403998	1	1	1	1	1
HSD17B13	1	462.714955753539	1	1	1	1	1
HSD17B2	1	115.105925776302	1	1	1	1	1
HSD17B4	1	188.767038426768	1	1	1	1	1
HSD17B6	1	579.188884063504	1	1	1	1	1
HSDL2	1	120.237858750274	1	1	1	1	1
HSPA1B	508.323625686668	1	279.558933987551	1	286.267527549462	522.828739315451	471.514731568052
HSPA4	1	1	210.452930649428	1	1	1	1
HSPA9	198.342733643674	171.703207208651	158.978135930674	1	171.145700229816	1	1
HSPB6	1	1	1	818.031427865242	763.31907601251	1	1
HSPB8	1	1	1	394.148929618134	1	1	1
HSPG2	1	1	1	350.32515710127	1	1	1
HSPH1	362.851864971272	1	531.836458421818	1	1	417.881128702187	442.771879124455
HTRA1	1	1	1	1	445.778414328659	395.975252439553	1
HTRA3	1	1	1	1	1	637.732930743826	1
HUWE1	1	1	169.412465981273	1	1	1	1
ID1	383.670445159271	1	1	517.316373134936	1	1	1
ID3	308.364910433748	1	1	793.4783552773	609.885210808126	1332.04727837596	2224.45527764853
ID4	1	1	1	524.799234098337	1	1	344.033446642493
IDH1	1	232.876473728817	1	1	1	1	1
IDH2	1	157.739550329499	404.065115948977	1	1	1	1
IDH3B	1	1	121.156204647325	1	1	1	1
IDI1	1	138.919441562751	1	1	1	1	1
IER2	319.476592260379	1	139.700743349941	561.295134688696	1	1	1
IER3	744.24948200731	1	377.580559507632	371.554396585416	297.092548304524	330.065771387643	1
IER5	1	1	279.353030533765	1	1	1	1
IFI16	321.41066508085	1	478.442068034684	1	239.183417965097	368.940482808066	1
IFI27	524.984109147345	81.2903714600833	1	1	226.242237576545	1	436.426876234855
IFI6	1	1	1	1	1	367.718876851939	1
IFNGR1	300.117082413444	1	328.853500574571	1	1	1	1
IFNGR2	246.735777048192	1	213.175473819878	1	271.074182699917	1	1
IGF2	1	933.147852957795	1	1	1854.95524836928	1	1
IGFBP1	1	1105.15257820358	1	1	1	1	1
IGFBP2	1	127.597593223124	1	1	1	304.48256927268	256.359518566694
IGFBP3	1	1	1	1	7023.26570559528	1023.90964950253	1
IGFBP4	313.132365637446	418.041884471018	1	788.011307236129	1525.26852052223	640.853942159192	1169.07589940385
IGFBP5	1	1	1	1609.15140476949	916.067698378317	975.591951877266	1
IGFBP7	995.466842726909	1	267.29332806175	6506.95878130452	15250.5294637449	15746.4545908149	15908.8625593035
IGLL5	1	1	150.572999963879	1	1	1	1
IK	1	1	1	307.328754016841	1	1	1
IKZF1	1	1	226.157770580248	1	1	1	1
IL13RA1	217.851024951355	83.0516943739835	125.380356022313	1	1	1	1
IL1B	1	1	670.185492320211	1	1	1	1
IL1R1	1	1	1	1	445.868545626232	306.343807388595	1
IL1RAP	1	100.328829872696	1	1	1	1	1
IL32	306.680061455959	300.205283276837	211.167107396334	1	406.313633477032	366.58591632421	1
IL6	1	1	1	1032.66729012825	1	1	1
IL6ST	358.889016983575	185.777338425255	1	358.014987050936	934.023028860613	338.980505799969	338.222163178737
ILF2	1	1	222.602086709322	1	1	1	1
ILF3	1	1	192.54917066419	1	1	1	1
ILK	1	1	171.851508561298	387.781622251752	142.738478758778	294.20882375807	525.09434980886
IMMT	1	1	160.97511500239	1	1	1	1
INHBA	1	1	1	1	251.570299560988	1102.19208692859	1
INMT	1	1	1	1	938.393192818062	1	1
INPP5A	1	1	1	268.978835021372	1	1	1
INPP5D	1	1	188.46818115519	1	1	1	1
INSIG1	1	634.559874697124	1	1	1	1	1
IPO5	1	1	141.25071828055	1	1	1	1
IPO7	1	1	149.607087661418	1	1	1	1
IQGAP2	1	174.187384296747	1	1	1	1	1
IQSEC1	1	1	1	358.673577008223	1	262.770224913725	1
IRF1	1	1	224.930419768442	1	1	1	1
IRF2BP2	270.246218789872	121.331244325521	273.632888118531	619.642246999324	174.601687358603	1	1
IRS2	1	96.1188487867341	1	1	1	1	1
ISCU	1	88.145286167489	1	227.403396345906	348.75873979032	385.682760874208	440.468427268661
ISLR	1	1	1	1	580.739119449589	785.378144979831	1
ISYNA1	1	1	1	484.904107141934	1	1	365.419239254163
ITGA1	1	70.212093929087	1	1	960.657196758981	1507.72371997932	1515.37805500152
ITGA7	1	1	1	371.4939168175	1	1	1
ITGA8	1	1	1	631.200194658931	1	1	1
ITGA9	1	1	1	1	399.852029472832	1	1
ITGAV	1	1	1	1	268.463770713385	325.931138594384	642.155201358083
ITGB2	422.668262802388	1	579.640601779822	1	1	1	1
ITGB5	1	1	1	1	502.348213440704	725.67954871559	1
ITGBL1	1	1	1	1	466.288743974906	310.861218601001	1
ITIH1	1	619.497886287795	1	1	1	1	1
ITIH2	1	1085.01589209715	1	1	1	1	1
ITIH3	1	327.662346003064	1	1	1	1	1
ITIH4	1	565.318304002989	1	1	1	1	1
ITPRIPL2	1	1	1	1	209.576785293896	266.950202212036	1
IVD	1	126.109891492905	1	1	1	1	1
JADE1	1	1	1	283.881155939034	1	1	1
JAG1	1	1	1	385.03897776023	1	1	441.630602816478
JAK1	320.496477865491	69.4812129732506	201.862435539635	1	455.808751548329	1	581.227250943331
JMJD1C	275.157503684158	1	1	1	1	1	1
JTB	239.21821238938	152.827638609068	167.445216501907	1	231.052232737483	230.726677277595	1
JUNB	892.210034103344	103.704529573688	546.047392194962	3544.14820497267	587.337710943987	706.215546626187	762.322359865474
KANK2	1	1	1	681.349987620113	344.6422475259	394.697849117595	641.320902227041
KARS	1	1	252.680961382424	1	1	1	1
KCNJ3	1	79.9318135544589	222.46303472065	1	1	1	1
KCNMA1	1	1	1	314.01803532057	1	1	1
KCTD12	262.114339802219	1	161.307245647358	1	1	1	1
KCTD20	1	1	1	260.315872046162	1	1	1
KDELR1	1	66.3567641765643	131.523150709429	1	301.15855057472	250.318977084327	1
KDM5A	1	1	99.9642120951142	1	1	1	1
KDSR	1	98.0202050103537	1	1	1	1	1
KHDRBS1	218.470233302017	1	181.081995215878	246.29585339118	333.725850928322	267.074068992162	1
KHK	1	153.106326633678	1	1	1	1	1
KHSRP	1	1	175.454332998277	1	1	1	1
KIAA0040	1	1	1	1	1	1	438.917911629751
KIF11	1	1	309.988808265618	1	1	1	1
KIF15	1	1	276.900704362976	1	1	1	1
KIF22	1	1	327.426352821466	1	1	1	1
KIRREL1	1	1	1	1	1	1	423.13496514639
KLC1	1	1	1	1	1	1	367.690393866227
KLF2	306.568342113145	1	1	406.455936207419	1	1	1
KLF4	396.263189579991	1	280.747826774654	1	374.039244808838	1	1
KLF9	1	103.391340006668	201.805678205464	775.853578321822	578.255320155442	473.111376321591	630.213205262738
KLHL20	1	1	175.986018494547	1	1	1	1
KLKB1	1	87.3232139944352	1	1	1	1	1
KMT2E	1	1	152.127121306596	1	1	1	1
KNG1	1	1893.16963193876	1	1	1	1	1
KNSTRN	1	1	144.477927143197	1	1	1	1
KPNA2	1	1	715.911458681577	1	1	1	1
KPNB1	254.026518656807	1	251.577968663562	1	293.733888164931	276.000131033775	1
KRT10	1	88.7043882033431	1	1	1	1	1
KRT19	270.53856640701	1	1	1	1	1	1
KRT7	318.559723404897	1	1	1	1	1	1
KRT8	522.098891142877	305.703736867101	251.698204948272	1	1	1	1
KYAT3	1	1	220.109719242558	1	1	1	1
LAMA2	1	1	1	1	548.851499790137	486.712431600076	1
LAMA4	1	1	1	1	259.499235782076	372.079518214454	574.633524400162
LAMB1	1	1	1	1	1213.37900315001	998.529326845517	666.941891972115
LAMB2	1	1	1	602.336530145732	228.294864035337	366.699984468961	378.199549177862
LAMC1	1	1	1	1	265.406119794425	1	528.633440686451
LAMC3	1	1	1	1	272.416811912052	530.831676801599	1
LAMP1	322.221136146712	139.085577871789	194.666593164123	1	391.349933002006	273.639893906758	1
LAMP2	243.040458201169	217.18019159191	1	1	1	1	1
LAMP5	1	1	1	1	1	611.792065072014	1
LAMTOR1	1	1	159.490404456313	1	1	1	1
LAMTOR2	1	75.9761564939709	221.32050111899	1	1	1	1
LAMTOR4	1	1	246.057937991765	1	1	1	1
LAP3	1	94.4630898832459	207.490591949618	1	1	1	1
LAPTM5	1500.75642554813	1	1033.35560265067	1	1	1	1
LARP7	1	1	212.659642876196	1	1	1	1
LASP1	210.578506401662	1	306.702257735405	1	1	227.493845575808	374.364519837594
LAT2	1	1	170.663133439133	1	1	1	1
LBH	1	1	1	774.053173867188	1	1	1
LBP	1	184.862703202702	1	1	1	1	1
LBR	1	1	152.407793533559	1	1	1	1
LCAT	1	121.178662235723	1	1	1	1	1
LCP1	665.459859758554	1	789.470455051922	1	1	1	1
LDHB	1	1	443.569337025996	421.895417247941	258.992252867925	526.380532740664	582.7525517653
LDOC1	1	1	1	401.671749420328	1	1	1
LEAP2	1	352.103617504703	1	1	1	1	1
LECT2	1	282.599875756549	1	1	1	1	1
LEPROT	201.444413171245	1	1	277.614591942561	312.357308639057	222.307936762058	374.585994487504
LGALS1	583.10001719588	1	1204.55771392256	1724.54439860595	1754.25004386793	3717.51858459806	4144.17694355122
LGALS3	776.231316164923	1	349.637722594472	379.842787867786	361.963028850372	425.278386595552	1
LGALS3BP	248.322154658666	124.140534919241	1	1	834.818578911768	671.884875131085	638.101292964855
LGALS4	301.747340816213	104.93383303167	1	1	1	1	1
LGALS9	231.343633500987	1	166.40783238098	1	1	1	1
LGMN	464.319290865303	1	1	1	1	1	1
LHFPL6	1	1	1	1	503.274122981167	372.945697761802	793.114645032541
LIFR	1	1	1	1	478.291493016964	1	1
LILRB4	1	1	364.990579186978	1	1	1	1
LIMA1	1	1	1	1	378.704544157447	1	1
LIMS1	267.403418747758	1	269.020788523514	1	166.817572254796	1	1
LIMS2	1	1	1	319.723779566507	1	1	1
LIPA	425.791124991487	1	1	1	1	1	1
LIPC	1	105.609939260629	1	1	1	1	1
LMAN1	1	173.529911037444	1	1	1	1	1
LMCD1	1	1	1	1	265.937039635606	1	1
LMNA	394.095324796002	1	1	804.297866713184	687.142791085304	577.859164312155	718.145505462709
LMNB2	1	1	110.305570393025	1	1	1	1
LMOD1	1	1	1	1240.67988581261	1	1	1
LONP2	1	117.247398537851	1	1	1	1	1
LOX	1	1	1	1	221.630806204625	1	1
LOXL1	1	1	1	1	246.710426408416	1	1
LOXL2	1	1	1	1	1	481.305007458611	1
LPGAT1	1	1	212.63152092365	1	1	1	1
LPIN2	1	123.585324065868	1	1	1	1	1
LPP	1	111.526836953308	1	855.108363703979	272.488928463213	1	1
LRP1	1	133.969322701283	1	1	1010.93765213764	596.263791893612	1
LRP10	1	1	139.386284813535	236.334919313109	180.537837721848	1	1
LRRC32	1	1	1	1	278.921916018501	588.226935420941	667.978723628386
LRRFIP1	457.47637874226	134.928378305642	621.562473387116	305.464250115073	1	1	1
LSM14A	1	1	217.386636732758	1	1	1	1
LSM2	1	1	169.9643719865	1	1	1	1
LSM3	1	77.9425764198468	305.936698315259	1	1	1	1
LSM4	1	1	296.705558108048	1	1	1	1
LSM5	1	1	197.525861389014	1	1	1	1
LSP1	1	1	317.628755929483	1	1	1	1
LSR	1	100.278083652703	1	1	1	1	1
LST1	302.285388418517	1	308.260880108061	1	1	1	1
LTBP1	1	1	1	345.232019483458	550.394160050737	796.408115624024	1
LTBP2	1	1	1	1	612.803045319279	1046.99053717471	1
LTBP4	1	1	1	1	471.985975736853	286.571421497842	1
LUC7L2	1	1	142.186075088333	1	1	1	1
LUC7L3	265.192096321515	1	192.990497579808	1	1	1	1
LUM	1	1	1	1	3196.66900302117	4534.71453333925	1087.80727195677
LXN	1	1	1	1	310.51757030517	1	1
LY6E	1	149.824082162986	1	1	203.308604256897	1	1
LYN	242.117325961989	1	1	1	1	1	1
LYVE1	373.543787496804	1	1	241.443855579081	1	1	323.370216629623
LYZ	1413.49394818249	1	1339.12591027024	1	1	1	1
M6PR	1	1	146.192961089581	1	1	1	1
MAD2L1	1	1	133.65592567388	1	1	1	1
MAFB	454.132483818143	1	292.151374589224	1	1	1	1
MAFF	1	1	1	314.598098819103	1	1	1
MAGED1	1	1	1	1	252.906597753165	272.650636417523	1
MAGED2	1	1	1	1	1	450.304728252256	328.18957311063
MAN1A1	1	99.3429819600688	1	1	1	1	1
MANF	1	1	224.157688167056	1	1	1	282.252572664862
MAOA	1	133.017106629083	1	1	1	1	1
MAOB	1	200.813497626885	1	1	1	1	1
MAP1B	1	1	1	983.213763411548	439.977347769267	580.881801137315	1705.06446227116
MAP2K2	1	1	170.77206005969	1	1	1	1
MAP3K20	1	1	1	932.870226429528	1	1	319.538458681013
MAP3K8	1	1	205.332768277902	1	1	1	1
MAP4	1	1	99.9940662395593	449.859960550262	1	352.751835101571	422.652111063073
MAPK1	1	1	221.578188322882	1	1	1	1
MAPK1IP1L	1	1	189.428968401058	1	1	1	1
MAPRE2	1	1	1	458.579117602629	1	1	428.445680128087
MARC2	1	112.800550904888	1	1	1	1	1
MARCKS	375.538968131877	1	214.52375088877	1	605.681678778758	553.178209103581	389.33663582794
MARCKSL1	241.659801062084	1	1	1	1	1	416.512369802661
MARCO	586.830142406663	1	1	1	1	1	1
MASP1	1	48.4424826509727	1	1	1187.60050940489	1	1
MASP2	1	253.081375534729	1	1	1	1	1
MAT1A	1	695.618718898082	1	1	1	1	1
MAT2A	1	1	1	255.693759017818	1	1	260.766790584928
MATR3	1	1	242.111587143257	409.533721638477	307.648580617223	327.757912745706	244.241076526133
MAZ	1	1	208.2889654384	1	1	1	1
MBD2	1	1	213.439046908325	1	1	1	1
MBNL1	243.241498397327	1	318.820259705511	328.776928202602	1	1	436.66323217509
MCAM	1	1	1	3228.82489035041	1	1	1931.02350527734
MCFD2	1	80.3286201307579	1	1	1	1	223.370802284513
MCM5	1	1	148.019281053544	1	1	1	1
MCM7	1	1	380.610275037871	1	1	1	1
MDH1	1	133.612188811449	318.539404045095	1	1	1	1
MECOM	283.617759653445	81.9960885625332	183.148871587692	1	240.621735519043	1	1
MED4	1	1	211.402293299451	1	1	1	1
METRNL	1	1	169.544457709055	1	1	1	1
METTL7A	210.195579441969	391.130541818398	103.130479628821	1	1	1	1
MFAP2	1	1	1	1	174.954246266306	1	1
MFAP4	1	1	1	600.785021421992	1391.60498903981	1	1
MFGE8	1	1	1	594.294077242508	1	1	696.13062849578
MFSD1	1	1	244.064367697487	1	1	1	1
MGAT1	307.650275702827	1	1	1	1	1	1
MGMT	1	107.030091078521	1	1	1	1	1
MGP	670.263879145137	1	1	1045.31024956296	4735.31495071319	12510.9679996213	8060.74394201497
MGST1	1	1468.97471345608	1	1	1	1	1
MGST2	1	209.16120573771	1	1	1	1	1
MICAL2	1	1	1	1	1	294.090661627261	412.397599298578
MIS18BP1	1	1	266.176396245532	1	1	1	1
MKI67	1	1	1520.90528728518	1	1	1	1
MKNK2	1	1	1	425.205720722048	1	1	1
MKRN1	1	1	112.118551112044	1	1	1	1
MLEC	1	94.2683749045501	1	1	1	1	1
MLF2	1	93.3121970814826	1	1	1	1	372.436776958797
MLXIP	1	1	1	1	181.218609050544	1	1
MMADHC	1	97.3573074563938	1	1	1	1	1
MMP11	1	1	1	1	1	1264.66900326535	1
MMP2	1	1	1	1	669.880622098584	345.264670739317	1
MNDA	1	1	159.962917628622	1	1	1	1
MOB1A	247.264781429307	1	253.451990343923	1	1	1	1
MORF4L2	1	110.655112758678	232.800383746088	1	427.785475633524	316.286228596254	1
MOXD1	1	1	1	1	269.269359410919	1	1
MPC1	1	247.500353673971	1	1	1	1	1
MPC2	212.289217381387	384.31990342415	347.106684406829	1	1	1	1
MPEG1	341.936639856112	1	1	1	1	1	1
MPRIP	1	1	1	320.756531840074	204.482679177648	1	444.013961160553
MPST	1	124.949827669689	1	1	1	1	1
MPZL1	1	1	1	1	226.482620909907	1	1
MRC1	337.178267532973	1	1	1	1	1	1
MRPL11	1	1	110.466775359936	1	1	1	1
MRPL14	1	97.3397246259055	1	1	1	1	1
MRPL16	1	93.7221170492016	1	1	1	1	1
MRPL18	1	1	207.562012022428	1	1	1	1
MRPL33	1	136.769213540677	1	298.979374289791	1	1	1
MRPL40	1	104.909767462177	1	1	1	1	1
MRPS21	1	102.906101680386	229.637814535662	1	298.519487031853	1	1
MS4A6A	738.851369098943	1	793.435855022579	1	1	1	1
MS4A6E	633.802111912869	1	1	1	1	1	1
MSMO1	1	278.477575611844	1	1	1	1	1
MSRB3	1	1	1	549.593467183952	1	260.890388050044	1
MST1	1	110.845344108931	1	1	1	1	1
MT.ND6	233.610419917143	76.4142171332991	194.36615904683	1	1	1	1
MT1A	1	113.091904651403	1	1615.73043338836	1	1	1
MT1E	1	1944.34629983996	1	2830.44394979521	1406.838255189	904.934641856106	701.473497207528
MT1F	1	459.857383703265	1	1	1	1	1
MT1G	1	1771.36610440386	1	344.331857045167	1	1	1
MT1H	1	381.139800385045	1	1	1	1	1
MT1M	1	343.286833812353	1	2948.84003161837	773.370231194549	1	1
MT1X	1	1495.13999812111	1	2778.82920899267	636.00615360336	1	1
MTDH	360.069661351629	132.138512756529	430.91741323005	1	339.617687438113	432.087473428323	1
MTHFD1	1	235.858870482869	1	1	1	1	1
MTHFD2	1	1	1	379.062310769279	1	1	1
MTHFS	1	212.486088080101	1	1	1	1	1
MTPN	1	1	147.940371731046	1	1	1	1
MTTP	1	146.601818193295	1	1	1	1	1
MTUS1	1	103.445357898553	1	1	1	1	1
MUT	1	136.768994322344	1	1	1	1	1
MXD3	1	1	142.226449306529	1	1	1	1
MXRA5	1	1	1	1	493.80427336336	459.613340494022	1
MXRA7	1	1	1	304.471492939404	247.216037301384	368.875403578137	1
MXRA8	1	1	1	1	650.878695727743	1093.46390581486	666.204949488104
MYADM	343.396196828936	1	174.390797850971	523.050062514443	509.237266006624	515.570775927839	887.585393832806
MYC	1	1	1	529.889319212965	308.029223754328	1	1
MYCBP2	1	1	191.70327956255	1	1	1	1
MYH10	1	1	1	258.043152429501	450.609226911191	1	1
MYH11	1	1	1	11428.779463099	1	1	1153.19888888239
MYL9	1	1	1	9005.25840625287	1478.47786614466	1790.15508958432	2358.28762986611
MYLK	1	1	1	1941.3676343068	629.287780576898	880.697709868409	1300.01782545317
MYO10	216.812302203092	67.9676794590364	1	1	319.770709142617	1	1
MYO1B	1	154.442744866659	1	1	1	1	588.73681876308
MYO1C	1	1	1	560.164394973637	321.208728218354	1	451.84258378316
MYO1D	1	1	1	1	1	1	539.464388349472
MZT2A	1	136.077973643324	414.379228651991	1	1	1	1
NAA38	1	102.944389048215	240.097305964235	1	1	1	1
NAA50	1	1	124.593151587567	1	1	1	1
NADK2	1	240.551899266931	1	1	1	1	1
NAMPT	372.547830171647	138.732691851262	267.767579020288	647.708829850427	1	1	1
NAP1L4	1	1	175.561045134187	1	1	1	1
NASP	1	1	294.172581436321	1	1	1	1
NCAPD2	1	1	264.425445734182	1	1	1	1
NCAPG	1	1	264.967512536837	1	1	1	1
NCK2	1	1	1	1	1	1	231.923862694546
NCKAP1L	1	1	127.60832220204	1	1	1	1
NCOA4	354.285316300534	211.471906125018	276.629186727804	1	1	1	1
NCOA7	1	1	1	1	1	1	351.975833120274
NDFIP1	231.691411092533	169.037974825749	1	1	1	1	329.399434733809
NDRG1	255.722093854542	1	1	1	1	1	1
NDRG2	1	107.38048223028	1	1	1	1	1
NDUFA2	216.953702359946	145.090783343156	214.787134418874	1	1	1	1
NDUFA3	1	93.2518164403295	1	1	1	1	1
NDUFA4L2	1	1	1	498.785266618391	1	1	1486.82491815927
NDUFA5	1	84.1938445105331	1	310.335417600104	1	1	1
NDUFA6	1	157.647478847541	174.117034199143	1	1	1	381.211541541122
NDUFB1	1	130.290373381908	1	1	1	1	1
NDUFB10	1	164.383290421733	268.845786542961	1	1	1	1
NDUFB11	194.41470307142	157.54214456893	282.248766611303	1	1	1	1
NDUFB2	262.491484878441	235.13384460233	151.87129814126	1	1	346.370547436269	431.895581321054
NDUFB3	1	132.443856030697	1	1	1	1	1
NDUFB7	1	191.578368703217	167.736314738939	304.951417469321	1	1	1
NDUFC1	234.798502972579	138.995973410691	209.570629911278	389.403626566371	1	1	1
NDUFC2.KCTD14	202.270317869515	218.488730325498	286.589252661211	1	1	228.997008038697	337.203789214378
NDUFS2	1	99.5949609355822	1	1	1	1	1
NDUFS3	1	102.649887954368	1	1	1	1	1
NDUFS4	1	139.147498698624	1	1	1	1	1
NDUFV2	204.769511519212	263.215334487122	188.388718603391	1	1	1	297.644765062309
NES	1	1	1	371.969002673227	1	427.937255310508	707.03845270467
NET1	1	101.010869434018	150.194102533551	662.028407952542	1	1	1
NEXN	1	1	1	716.745936969453	632.140946014975	399.265530967646	1
NFASC	1	1	1	258.372310678876	1	1	1
NFATC3	1	1	161.757897917278	1	1	1	1
NFIA	1	109.84043152883	1	296.899521666935	573.803558067962	1	1
NFIB	1	113.383971595788	1	1	295.543842269327	1	1
NFIC	1	148.814398498925	335.727466395435	1	274.899930092493	233.237341493518	1
NFIL3	1	1	1	710.858361977773	1	1	1
NFIX	1	1	1	310.942515216058	171.49870368881	1	1
NFKB1	1	1	160.730016668808	1	1	1	1
NFKBIZ	1	1	231.233801727272	1	1	1	1
NGFR	1	1	1	1	212.591183290578	1	1
NID1	1	1	1	1	737.208038550921	692.057684778974	1673.61120838103
NIN	1	1	113.848855101303	1	1	1	1
NIPBL	1	1	175.5900377745	1	1	1	1
NIT2	1	130.458773401041	1	1	1	1	1
NNMT	1	857.580780808725	1	336.208491071474	1124.7041379763	872.872713102802	384.362696415605
NOL7	1	1	199.51717387167	1	1	1	1
NOP10	217.954343765029	101.095272811334	207.251739089425	1	1	1	1
NOTCH3	1	1	1	1310.29742209269	235.554173163749	674.254370002442	1922.082522223
NPC2	880.425639853397	91.8979411565805	706.822256114928	1	569.946730796453	426.406625289132	1
NPIPA2	1	1	1	290.999427880307	1	1	1
NPIPA7	1	1	1	333.010815007137	1	1	1
NPIPB12	276.354872213189	1	224.749460949387	1	1	1	1
NPIPB13	1	1	205.67158771021	1	1	1	1
NPIPB5	370.982998842707	1	289.403347952814	1	1	1	1
NR0B2	1	150.409023120927	1	1	1	1	1
NR2F1	1	1	1	1	494.052784344661	1	1
NR2F2	1	1	1	580.605933406722	451.745548230945	493.096264636356	748.606972198449
NR4A1	331.130731292396	1	423.306200515614	1844.63955283844	657.209216381412	518.604992365543	758.791407791105
NR4A2	446.934021429503	1	389.784568126795	469.154846934971	1	1	1
NR4A3	1	1	1	479.555213231972	1	1	1
NREP	1	1	1	1	1	653.810811286716	630.112637826157
NRGN	1	1	1	501.95286335943	1	1	1
NRIP2	1	1	1	235.270625530704	1	1	1
NRP1	1	1	1	1	392.129783503313	1	1
NSA2	251.092424981889	161.738658160524	216.069404656382	344.286001067728	1	250.142848842978	1
NSD2	1	1	341.439759099015	1	1	1	1
NSMAF	1	74.4891088409674	241.111512961954	1	212.598713482857	1	1
NT5DC2	1	1	1	268.000636019898	1	1	1
NTHL1	1	106.325638057646	1	1	1	1	1
NTRK2	1	1	1	498.85774233632	1	1	1
NTRK3	1	1	1	372.742232090355	1	1	1
NUCB1	1	99.3636380377682	1	1	282.547390663991	1	1
NUCB2	230.590552848927	71.0823446985034	341.831972357508	1	276.086964617291	1	1
NUDT1	1	1	201.874472861918	1	1	1	1
NUDT3	1	1	151.218732336764	1	1	1	1
NUDT4	1	1	1	987.465932917084	1	1	655.158176331489
NUPR1	1	114.176409897128	1	241.26018503217	242.305019151581	406.945101963643	1
NUSAP1	1	1	711.661282963939	1	1	1	1
OAF	1	203.242033158506	1	1	1	1	1
OAT	1	62.5489623049942	1	270.240945075975	1	1	1
OAZ2	1	1	1	1	1	1	384.719978752521
OCIAD2	1	236.543681182083	1	1	1	1	1
OGFRL1	1	1	229.816978776658	1	1	1	1
OLFML2A	1	1	1	1	1	1	826.872544660551
OLFML3	1	1	1	1	731.959466577386	459.060799546856	429.021527675073
OOEP	331.834445199461	81.291303314133	304.673639098763	1	235.012848937458	1	1
OPA1	1	1	125.53727004271	1	1	1	1
OPTN	1	93.7565813689759	1	257.253526586452	1	1	1
ORM1	1	9807.92972149084	1	1	1	1	1
ORM2	1	2097.73377504384	1	1	1	1	1
ORMDL3	1	107.093690494405	1	1	1	1	1
OS9	275.445979316266	126.563143848614	1	1	180.755058871857	266.363197611397	1
OSBPL8	1	1	200.281771543731	1	1	1	1
OSMR	1	1	1	1	243.350209391112	1	1
OSTC	1	144.744157767183	141.38011781833	1	130.663904481406	231.325358889449	1
PA2G4	1	1	241.41136109796	268.261037404015	1	1	1
PABPC4	215.561525362661	1	185.49476854281	1	1	1	1
PAG1	1	1	1	1	235.540365060802	1	1
PAH	1	546.158251935386	1	1	1	1	1
PAK1	1	1	394.494382632058	1	1	1	1
PAK2	213.191528146386	1	138.148525432875	1	1	1	1
PALLD	1	1	1	1003.2977922661	612.389936206138	1065.01994841061	405.185680418432
PALM2.AKAP2	1	1	1	382.317233590618	220.361191242909	1	432.57204289756
PAM	1	1	1	1	291.00827670716	446.16658604174	1
PAPOLA	1	94.3401491242358	263.596963499332	1	1	1	1
PARK7	215.106701851238	173.077917064832	472.430018684224	1	307.532239158454	445.31491171772	660.871819634918
PARP1	1	1	245.562948915897	1	1	1	1
PBLD	1	199.777900546476	1	1	1	1	1
PBRM1	1	1	141.970185358258	1	1	1	1
PCBD1	1	324.151909843933	1	1	1	1	1
PCBP4	1	130.242243313092	1	1	1	1	1
PCDH11X	217.497358158224	98.4469832563747	98.0995108882655	1	1	1	1
PCDHGA1	1	1	1	1	272.74761735231	1	1
PCK1	1	942.170989740027	1	1	1	1	1
PCK2	1	385.180776677478	1	1	1	1	1
PCM1	1	1	218.529542675263	1	237.119342110774	1	1
PCNA	1	1	640.140948105126	1	1	1	1
PCNP	1	1	186.088844505296	1	1	1	1
PCOLCE	1	1	1	1	673.683452741124	340.055511875105	1
PCYOX1	1	102.918223202994	1	1	1	1	1
PDAP1	1	1	203.473504849091	1	1	1	1
PDCD5	1	87.5849731171775	1	1	160.371228495242	1	1
PDE3A	1	1	1	294.961000939017	1	1	1
PDGFA	1	1	1	1	1	1	367.940248899332
PDGFRB	1	1	1	403.304844569228	436.902706594064	942.051431805085	1087.62919736014
PDIA6	292.289374930156	154.654942594834	202.288675531431	1	1	278.78577166604	1
PDK4	477.349208721551	394.125997138914	1	4111.50642694436	376.005280381806	1	1
PDLIM1	369.756220488311	118.044720891691	1	1	400.446979152272	467.793264677482	455.751793606387
PDLIM3	1	1	1	480.457204714022	358.405276164627	346.002830667201	479.684892934627
PDLIM5	1	110.976646692132	1	657.374864641941	281.454567711111	408.067980305124	378.475699317743
PDLIM7	1	1	1	327.492091654313	1	1	1
PDS5A	1	1	181.232336202771	1	1	1	1
PEA15	304.198140851437	1	289.766305983822	1	183.413544367898	365.717374240007	397.048387435246
PECAM1	485.087332384033	1	1	1	1	1	1
PECR	1	148.898885141263	1	1	1	1	1
PEMT	1	103.511270300233	1	1	1	1	1
PERP	233.534934856348	172.778077068093	1	1	1	1	1
PET100	1	115.448890301501	250.528417044094	1	1	1	1
PEX11A	202.725607223085	76.8606741942487	242.422743193521	1	171.363035159575	1	1
PFDN2	1	1	144.851223351833	1	1	1	1
PFKFB3	1	1	132.369007423809	1	1	1	1
PGAM1	1	1	174.225624697291	1	1	1	1
PGLYRP2	1	203.216744856917	1	1	1	1	1
PGM1	1	208.315497083242	1	1	1	1	1
PGRMC1	1	561.185835055752	143.745192551994	1	1	1	1
PGRMC2	1	133.349400790454	1	1	1	1	1
PHB2	1	193.119577292209	330.146474389071	1	1	1	408.359284574401
PHC2	210.609339122671	1	1	1	1	1	458.555744055262
PHF19	1	1	242.557180701964	1	1	1	1
PHGDH	1	123.568252556071	1	1	1	1	1
PHIP	1	1	213.870581339698	1	1	1	1
PHLDA1	1	1	1	353.79799226214	885.583109650016	782.91685410992	1169.93511497965
PHLDA2	1	1	1	370.4983764896	1	1	1
PHLDB1	1	1	1	1	370.367496922278	415.124269660072	1
PHYH	1	362.15904975386	1	1	1	1	1
PICALM	264.430521425476	1	325.181122760188	431.678725738573	428.318470788539	1	275.357909799866
PIP4K2A	1	1	227.115910870187	1	1	1	1
PIPOX	1	221.985243124045	1	1	1	1	1
PITPNB	1	1	1	299.879531761824	1	1	1
PJA2	1	69.4624585737451	1	378.25184494174	1	1	1
PKIG	1	1	1	456.717575651232	1	1	1
PLA2G16	1	108.174439602718	1	1	1	1	1
PLAC8	1	1	302.755247039055	1	1	1	1
PLAC9	1	1	1	717.196027592276	206.857325598095	1	1
PLAT	1	1	1	1	264.028299556365	876.342759552135	1452.49495152491
PLAUR	268.530038123294	1	206.020415671893	1	1	1	1
PLD3	411.354269407397	1	1	1	180.748581203589	1	1
PLEC	1	1	1	477.786957262204	1	325.702818915366	1
PLEK	1	1	233.834608864675	1	1	1	1
PLEKHO1	1	1	109.890107925918	405.75423480237	1	1	1
PLG	1	375.109391302808	1	1	1	1	1
PLGLB2	1	297.474786268442	1	1	1	1	1
PLIN2	489.853041673507	640.630253571816	331.314306218602	1	1	1	1
PLIN3	1	1	207.556415659281	1	213.174349193773	1	1
PLK1	1	1	185.20273603778	1	1	1	1
PLN	1	1	1	933.58357473695	1	1	1
PLOD1	1	1	1	1	384.493259273485	590.253982471444	422.462725815217
PLP2	1	1	468.467702828952	346.953314786259	1	1	1
PLPP1	1	1	1	1	345.060333973312	265.36468528101	1
PLPP3	381.906378536248	80.4190716844433	543.07840322347	1	224.444892390702	432.02514651763	1
PLS3	1	94.6412075785945	1	377.674251458063	176.627285311711	382.78995438501	578.829364789786
PLTP	1	1	1	1	309.020499947879	1	1
PLXDC1	1	1	1	1	1	345.419052742565	1262.02962552669
PLXDC2	1	1	198.911562057098	1	356.670528469411	530.723731767101	1
PLXNB2	1	1	114.046907712758	1	1	1	1
PMEPA1	1	1	1	1	1	1	646.217904800595
PMP22	1	1	1	1	259.72836727845	317.914728993881	1
PNPO	1	119.579419581907	1	1	1	1	1
PNRC2	1	1	232.927153927434	1	278.033371858425	1	1
PODN	1	1	1	1	359.807479788195	1	1
POLDIP2	1	93.2864727618781	1	1	1	1	1
POLE3	1	1	92.5521905822635	1	1	1	1
POLR2J	1	61.2821176683755	251.661576240638	1	1	1	1
POLR2K	1	1	171.321231276073	1	1	1	1
PON1	1	390.053626856909	1	1	1	1	1
PON2	1	153.970529986005	1	1	1	1	1
PON3	1	357.005834761423	1	1	1	1	1
POR	1	159.53776544424	1	1	1	1	1
POSTN	1	1	1	1	564.142253485079	2105.23723225945	1
PPA1	194.943419669255	135.392711772057	1	1	1	1	1
PPARA	1	121.682374631578	1	1	1	1	1
PPCS	1	85.080187054965	1	1	1	1	1
PPIC	1	1	1	1	162.839837671911	228.974075002834	1
PPIG	249.759754516129	80.583092675689	340.731171371141	309.89678246176	1	1	1
PPM1G	255.984648489422	1	196.557313932747	1	1	1	1
PPP1CA	1	1	379.184757895773	1	1	1	1
PPP1CB	223.238204237824	1	219.232297518872	1285.74066998874	300.098881370437	261.384783327404	1
PPP1CC	1	1	205.958446779111	1	1	1	1
PPP1R12A	1	1	149.05089790025	780.655185215681	1	321.431432343845	572.889930253517
PPP1R12B	1	1	1	561.023146950453	1	1	344.932442010954
PPP1R14A	1	1	1	734.210964564359	346.534198500276	483.95634465644	645.623791658242
PPP1R14B	1	1	118.717165782248	1	1	1	1
PPP1R15A	404.121500124704	1	389.553605776968	433.065159926416	243.951860344624	1	1
PPP1R18	1	1	148.145577408541	1	1	1	1
PPP1R1A	1	171.206943118913	1	1	1	1	1
PPP1R3B	1	140.823389245189	1	1	1	1	1
PPP2CB	1	57.3765721300437	1	293.423790153354	207.578100256609	1	1
PPP2R5C	1	1	117.004147956211	1	1	1	1
PPP4C	1	1	113.628421495891	1	1	1	1
PPT1	389.497735061352	1	344.29033667868	1	1	1	1
PRC1	1	1	381.838903487466	1	1	1	1
PRCP	324.05003661254	1	1	1	1	1	1
PRDX3	1	263.977510357758	109.492660794519	1	1	1	1
PRDX5	1	160.400504239944	1	1	1	1	1
PRELID1	223.98454169027	113.701042132495	252.699997279019	1	1	1	1
PRELP	1	1	1	370.515775960353	1624.78016633892	1579.99076489357	653.342167004677
PRG4	1	283.155416672926	1	1	1	1	1
PRKAR1A	1	61.8819273517707	153.673085981598	296.473320110602	267.610432672641	310.853183081997	451.64998293798
PRNP	1	1	1	1	207.911322598835	1	1
PROC	1	157.627694813444	1	1	1	1	1
PROS1	1	169.835644658765	1	1	565.130605681018	1	1
PRPF40A	210.261733416666	1	217.836477972049	1	1	1	1
PRR11	1	1	232.68994920839	1	1	1	1
PRR13	1	91.4439410332084	301.333574974072	1	1	1	1
PRSS23	1	1	1	1	540.592385087196	359.106913917531	323.832325958991
PSAT1	1	106.085208329034	1	1	1	1	1
PSIP1	1	1	308.184276333721	1	1	1	1
PSMA4	208.653097986973	85.4778065310973	422.573317151503	1	1	1	1
PSMB6	1	106.93762836031	201.729985474886	305.471580324128	1	1	1
PSMB8	1	1	357.227402142814	1	1	1	1
PSMB9	1	1	156.957588629437	1	1	1	1
PSMD1	1	1	192.246662852913	1	1	1	1
PSMD11	1	1	140.935763281056	1	1	1	1
PSMD13	1	1	210.598913528208	1	1	1	1
PSMD2	1	1	235.971281643016	1	1	1	1
PSMD4	1	114.426134352785	1	1	1	1	1
PSMD7	1	1	215.850367234802	1	1	1	1
PSMD8	1	97.5326238676022	308.091816439862	260.1326039585	225.419715755399	1	1
PSME2	237.545624485912	114.023723896299	329.232454024752	1	1	1	1
PSMF1	1	1	162.951358015316	1	1	1	1
PSMG2	1	1	113.768747134707	1	1	1	1
PTBP1	200.340772689712	1	314.913787235754	1	217.251040087854	340.444986230071	1
PTBP3	1	1	155.472833428599	1	1	1	1
PTCD1	294.556476952074	167.848740162211	395.348661564226	1	1	321.625379668396	1
PTEN	1	80.1069453722359	180.481417210544	302.767143927124	570.257551743872	694.81737210652	486.175134530258
PTGDS	1	1	1	1	1514.7440623895	1	1
PTGES3	250.304373380326	89.5953027933038	329.969111111411	1	264.515943842068	304.403503993237	498.658441922854
PTGIS	1	1	1	1	370.225268323615	1	1
PTGR1	1	359.212000739017	1	1	1	1	1
PTK2	1	1	1	1	1	1	276.029950432183
PTMS	1	255.822074715394	107.571093617808	393.090766615967	1	301.191322771971	428.507186232761
PTP4A1	255.26838510028	386.808571424714	118.639992670737	380.226030945424	1	1	1
PTP4A3	1	1	1	768.441080865509	1	1	1
PTPN1	1	1	109.221612588045	1	1	1	1
PTPN12	1	1	135.484306534934	1	1	1	1
PTPN18	1	1	140.337544366113	1	1	1	1
PTPRC	294.559567092518	1	431.041122096121	1	1	1	1
PTPRF	1	118.629694215274	1	1	1	1	1
PTTG1	1	1	386.875613751947	1	1	1	1
PXDC1	1	89.2376266243215	1	1	1	1	1
PXDN	1	1	1	1	357.745839384984	566.22249097543	1
PXMP2	1	245.594272841103	1	1	1	1	1
PYCARD	1	1	152.498795807449	1	1	1	1
QDPR	1	140.112934710118	1	1	1	1	1
QKI	1	1	226.071291004334	1	1	1	1
QPRT	1	135.878265104497	1	1	1	1	1
QSOX1	1	1	1	1	625.157856865482	1	1
RAB11A	239.035228003245	1	170.833733688673	1	1	1	1
RAB13	1	84.3986770321944	1	251.31890811579	1	1	1
RAB1A	209.726873603483	124.449841890875	1	1	1	310.052958864811	1
RAB31	349.105649070457	1	376.013056499911	1	439.447206694045	915.334352603655	828.619722183756
RAB3D	1	174.348053055022	1	1	1	1	1
RAB4A	1	105.167780633652	1	1	1	1	1
RAB8A	1	1	215.7050601423	1	1	1	1
RABAC1	1	1	1	261.934400141238	244.720626021149	246.38157994069	290.820977963964
RAC2	1	1	750.016940661395	1	1	1	1
RACGAP1	1	1	184.843519449067	1	1	1	1
RAD21	1	1	480.435330744285	1	1	1	1
RAD23A	204.897083275648	76.1701832033273	177.788847669328	314.554592688886	1	1	1
RALBP1	1	1	241.163012944773	1	1	1	1
RALY	1	1	200.22456651595	1	1	1	1
RAMP1	1	1	1	1	337.193859272868	1	1
RANBP1	1	65.8753164098307	292.667772471112	1	1	1	1
RANBP2	1	1	1	397.024791676986	1	1	1
RAP1A	1	66.8202568889334	1	329.796575559852	323.813925287624	1	1
RAP1B	207.101952665297	1	180.000432959138	1	1	1	1
RARRES2	1	632.623960899944	1	1	1021.61135846761	671.727616368135	1
RASD1	1	1	1	495.539338133568	1	1	1
RASSF3	1	1	1	299.070998193819	1	1	1
RASSF5	1	1	308.236143109798	1	1	1	1
RB1	1	1	148.44740170299	1	1	1	1
RBBP4	1	1	104.213752425414	1	1	1	319.762434359123
RBBP6	1	1	201.865178501933	1	1	1	1
RBBP7	1	1	297.711471817958	1	1	1	1
RBM17	1	1	162.531878436292	1	1	1	1
RBM25	259.361837115728	1	398.364142075711	470.417396386774	1	1	1
RBM39	327.539058043573	1	275.849523841859	332.956509598864	1	233.635609617113	389.932324509778
RBM8A	1	1	205.245269260981	1	1	1	1
RBMS1	1	1	1	1	379.807122515781	1	1
RBMS3	1	1	1	1	273.495341969155	1	1
RBMX	1	1	314.835601657143	1	193.168047043222	1	1
RBP1	1	1	1	1	1093.94237095157	1	1
RBP4	1	8320.27886924246	1	1	1	1	1
RBP5	1	139.09696792398	1	1	1	1	1
RBPJ	1	1	263.909796729914	1	1	1	1
RBPMS	1	1	1	751.93932824383	352.054272854068	350.648013986942	398.497599108741
RBPMS2	1	1	1	467.93535673281	1	1	1
RCAN2	1	1	1	967.585976109768	1	1	1
RCC2	1	1	224.596590234393	1	1	1	1
RCL1	1	106.794458862951	1	1	1	1	1
RCN1	1	73.6091647880483	1	1	227.783131594538	1	1
RDH16	1	175.260834178653	1	1	1	1	1
RDX	236.945030695187	72.9809290365375	1	1	1	1	1
REEP5	244.561464763656	162.948623956495	1	332.925930066362	1	410.442228648986	632.18972597115
REEP6	1	277.529119869637	1	1	1	1	1
REL	271.846001696336	1	237.568566784982	1	1	1	1
RER1	1	123.136445404757	1	1	191.543390183723	1	1
RERE	1	1	1	407.238526389133	1	1	1
RERGL	1	1	1	732.931903774183	1	1	1
REX1BD	1	1	196.176405912096	1	1	1	1
REXO2	1	1	1	1	200.953445342454	1	1
RFC1	1	1	142.672451930151	1	1	1	1
RGCC	1	1	1	1	236.682180711849	1	1
RGN	1	218.526481571457	1	1	1	1	1
RGS1	1366.89016353577	1	1950.93953123181	1	1	1	1
RGS10	1	1	221.094894191926	1	1	1	1
RGS5	1	1	1	2037.94477963614	606.588595121782	2348.7600968904	15525.4953037176
RHEB	1	55.484481273263	140.269464464109	1	1	1	533.47080831917
RHOB	657.117610423361	572.774601830676	1	3687.9636115456	807.365574937161	524.60261259135	691.155157390736
RHOC	294.92459534036	1	1	327.057461941286	333.68720925373	439.139558448297	653.77350239011
RHOG	1	1	297.834764825441	1	1	1	1
RHOQ	1	1	1	234.53510955286	1	1	1
RIDA	1	738.560452075295	1	1	1	1	1
RNASE1	410.652822039388	1	1	1	1	1	1
RNASE4	1	1292.49332084808	1	1	1	1	1
RNASE6	1	1	148.992424566901	1	1	1	1
RNASEH2B	1	1	136.580922122572	1	1	1	1
RNASEK.C17orf49	1	1	240.243773406849	1	1	1	1
RND3	1	93.9348485356875	1	282.010675337534	492.049288365055	336.918088956877	1
RNF130	363.864227533155	183.45026470065	340.382923987814	1	1	1	1
RNF181	1	117.74779457278	1	1	1	1	1
RNF213	1	1	256.248098771825	1	1	1	1
RNF5	1	112.171509082175	1	1	1	1	1
RNPS1	1	1	125.807307809044	1	1	1	1
ROCK1	256.122004781991	1	228.668105594408	373.678696308015	1	1	1
ROCK2	1	1	1	593.727522967141	239.690935881691	1	1
ROMO1	271.979055669215	150.049927943333	256.795963021717	1	263.96929319002	322.453584558792	1
RPA1	1	1	103.306986653118	1	1	1	1
RPA2	1	1	173.249847243516	1	1	1	1
RPA3	1	1	131.486287759036	1	1	1	1
RPL39L	1	1	119.345549769619	1	1	1	1
RPN2	295.363505030526	115.136782188096	304.936385677906	1	234.387927277662	324.25231877313	1
RRAS	1	1	1	295.693612030821	271.280495310339	1	423.442078651044
RRBP1	214.390402137535	71.6317008893417	1	1	351.314128771016	295.506710590374	1
RRM1	1	1	189.327821807861	1	1	1	1
RRM2	1	1	431.076557356658	1	1	1	1
RSL1D1	249.283239116732	1	1	1	216.539478994884	300.139372002847	1
RSRC2	1	1	235.184144930149	1	1	1	1
RSU1	1	1	1	355.782418081864	1	1	1
RTF1	1	1	152.887811182468	1	1	1	1
RTFDC1	1	1	130.592972223032	1	1	1	1
RTL8C	1	1	1	305.014737052211	1	1	1
RTRAF	1	84.9348783552709	275.766656815522	1	1	1	334.275029543419
RUNX3	1	1	230.76135667195	1	1	1	1
RWDD1	1	1	1	1	246.212431954724	1	1
RXRA	1	157.264622306701	1	1	1	1	1
S100A10	1211.31537439901	250.640833903134	976.236926192533	1	627.366065721484	358.731133930252	1
S100A13	1	1	1	1	351.003880352655	339.439105996154	1
S100A16	1	119.958952636116	1	1	1	1	1
S100A4	540.628629376934	1	800.932745381665	995.766953711836	1	1	440.026322654063
S1PR3	1	1	1	647.907536567897	203.867109517574	327.388891537777	789.86043645788
SAA1	1	494.499561613363	1	1	1	1	1
SAA2.SAA4	1	340.651156461301	1	1	1	1	1
SAA4	1	708.346517350473	1	1	1	1	1
SAE1	1	1	238.691240433913	1	1	1	1
SAMD1	1	1	117.411554893216	1	1	1	1
SAMHD1	502.553583617908	1	564.670392412397	1	1	1	1
SAP30	1	1	223.551190922808	1	1	1	1
SAR1A	1	61.5987419693718	1	1	175.760076934174	315.297644188987	1
SAR1B	1	97.1788477568556	1	1	1	1	1
SARS	1	1	1	1	1	1	370.1528904948
SAT1	1450.02108427896	441.173090598814	897.329919525856	1	377.648849377032	309.442616215999	450.692352994587
SAT2	1	194.395552424551	1	1	1	1	1
SBDS	204.365978946799	148.236063793419	1	735.0812398293	206.289519078729	381.344820886744	430.755182564404
SC5D	1	108.88240792099	1	1	1	1	1
SCAF11	261.953184198147	75.5221800522361	1	1	225.371081208065	1	1
SCARB1	1	96.7696616009871	1	1	1	1	1
SCARB2	290.146462529315	114.982127713261	147.293826519185	1	286.832246143003	443.061971402519	414.911038059243
SCCPDH	1	153.625349119899	1	1	1	1	1
SCD	1	577.152443235417	134.722271011534	1	1	1	1
SCO2	262.301927663947	1	1	1	1	1	1
SCP2	1	603.93302479305	232.371138820076	1	1	1	1
SCPEP1	1	1	1	1	229.982486561149	1	1
SDC1	1	152.262997299608	1	1	1	1	1
SDC2	1	245.08232755662	1	1	1	1	537.742049530909
SDC4	1	159.013552538528	1	1	1	1	1
SDCBP	382.018330568253	110.932034911773	162.971648272537	1	235.146717981506	1	1
SDHA	1	199.086709995489	1	1	1	1	1
SDHB	1	285.840047768275	250.333090166702	1	1	1	1
SDHC	1	96.6348075296189	1	1	1	1	1
SDHD	1	154.115847903357	1	1	1	1	1
SDS	1	309.597745428396	1	1	1	1	1
SEC11A	236.655953467863	144.21229066761	250.640945535847	1	1	339.176617102382	1
SEC11C	1	167.399257914443	1	1	1	1	1
SEC14L1	327.168755411017	1	167.832124627592	1	1	1	1
SEC14L2	1	108.686417498622	1	1	1	1	1
SEC61G	215.155847530689	99.1335163404159	251.299537799772	264.095180556428	1	276.487651092792	1
SELENBP1	1	216.892639030074	1	1	1	1	1
SELENOF	197.565810111474	106.16206264909	133.242561031658	1	347.996444706857	356.430954712797	1
SELENOK	1	88.1346999944297	156.214518220252	391.124878862571	1	1	1
SELENOM	1	1	1	815.120966499363	525.831859856326	565.064324442946	739.958869427552
SELENOP	621.559349495537	2220.06417750932	1	1	635.769668296379	1	1
SELENOW	277.854581156299	112.011400389253	111.360785354835	1215.32438716587	394.546722591202	631.450806466229	558.487593774818
SEPHS2	1	294.101149047036	1	1	1	1	1
SEPT11	1	1	134.958235721107	1	378.339065886876	448.512852059347	531.667516467664
SEPT2	321.372434234779	1	231.881753303149	296.719401500179	488.114043616156	516.147213888758	766.705995581094
SEPT4	1	1	1	1	432.348874804237	1	432.07142416664
SEPT6	1	1	342.12649511877	1	1	1	1
SEPT7	207.267400635603	1	271.758452836321	570.044274268467	430.504715829206	382.751407329685	840.039648028999
SEPT9	1	1	187.059703877264	1	1	1	1
SERINC1	1	83.2536017347003	1	1	262.938654202184	1	1
SERINC2	1	132.31581602771	1	1	1	1	1
SERP1	319.048467675528	168.395944094768	429.531759672278	1	232.592152395334	1	1
SERPINA1	1759.38806338302	13784.7949283381	734.761009863709	1	1	1	1
SERPINA10	1	158.602765412833	1	1	1	1	1
SERPINA11	1	300.259533090707	1	1	1	1	1
SERPINA5	1	334.376083301032	1	1	1	1	1
SERPINA6	1	383.458541165951	1	1	1	1	1
SERPINA7	1	160.069326162586	1	1	1	1	1
SERPINB1	249.785478774614	1	159.341502746914	1	1	1	1
SERPINB6	1	1	107.97706008453	1	1	1	1
SERPINC1	1	2210.62014008965	1	1	1	1	1
SERPIND1	1	470.240993050906	1	1	1	1	1
SERPINE1	1	1	1	1	1732.58726366425	2050.00659805118	1062.11974533659
SERPINE2	1	1	1	1	496.229540033051	1	1
SERPINF1	1	629.254615997797	1	1	1255.99194885796	380.625958484729	1
SERPINF2	1	400.136595244656	1	1	1	1	1
SERPINH1	1	1	1	1	704.136111963414	849.009936398082	718.286959766828
SERPINI1	1	1	1	358.41419587415	1	1	1
SF1	213.668717092055	66.4302662207112	162.592475534331	246.223085994644	1	1	1
SF3B1	253.404246999663	122.140532060195	296.091222593376	1	291.664915773782	235.663177287186	1
SFPQ	352.313252320311	1	292.118030880223	543.922973480471	404.228161857567	306.630800847748	1
SFRP4	1	1	1	1	287.087303595347	1	1
SFT2D2	1	1	190.127290384183	1	1	1	1
SGK1	519.793160522079	1	329.096769047541	1	1	1	1
SH3BGRL	1	1	248.930909906672	430.687770237917	222.911237056015	323.146848380164	401.090361456003
SH3BGRL3	1041.57260300697	111.980494276681	1175.78888707887	1	463.143039547411	400.792230532761	495.995581310089
SH3GLB1	1	1	227.660548399742	1	1	260.174939502841	1
SH3KBP1	1	1	338.343407734757	1	1	1	1
SHCBP1	1	1	170.956188749787	1	1	1	1
SHMT1	1	405.209831574615	1	1	1	1	1
SIK1	1	1	1	361.174585208936	1	1	1
SIVA1	1	53.8297616031325	164.925196359888	339.673801113112	1	1	1
SKA2	1	1	206.240460388162	1	1	1	1
SKAP2	1	1	167.950800938152	1	1	1	1
SLA	277.366326894187	1	390.166507383511	1	1	1	1
SLC10A1	1	360.436249235588	1	1	1	1	1
SLC15A3	1	1	190.535024569254	1	1	1	1
SLC1A5	1	1	122.749434052578	1	1	1	1
SLC20A1	1	1	148.967777161375	1	1	1	1
SLC22A1	1	471.932600299191	1	1	1	1	1
SLC22A7	1	95.1923896459187	1	1	1	1	1
SLC25A1	1	97.6321300896417	1	1	1	1	1
SLC25A4	1	75.6429917657885	1	584.418133972919	1	1	1
SLC25A47	1	93.3743254687987	1	1	1	1	1
SLC27A2	1	244.140592105825	1	1	1	1	1
SLC27A5	1	294.033327149595	1	1	1	1	1
SLC2A2	1	352.603391923682	1	1	1	1	1
SLC31A1	1	96.3617013486036	1	1	1	1	1
SLC35A4	1	1	165.391460939118	1	1	1	1
SLC35F1	355.14302336175	79.3795279120139	329.973471947419	1	306.9923645556	224.23806086071	1
SLC37A4	1	131.82270055206	1	1	1	1	1
SLC38A1	1	1	187.405366366676	1	1	1	1
SLC38A2	275.60293330849	164.026764460923	258.579047014175	344.263356690671	1130.63884012696	416.604202517835	1
SLC38A3	1	225.720139190893	1	1	1	1	1
SLC38A4	1	186.627222943178	1	1	1	1	1
SLC39A14	1	222.968334108314	1	1	1	1	1
SLC3A2	1	1	249.050748259628	1	1	1	1
SLC40A1	547.748208341067	185.138164925577	1	1	1	1	1
SLC44A1	1	97.3773884300103	1	1	1	299.325246791724	1
SLC51A	1	108.699423757844	1	1	1	1	1
SLC7A2	1	98.431408167572	1	768.679371280419	1	1	1
SLC9A3R1	1	129.669622555694	1	1	1	1	1
SLCO1B3	1	160.498715538258	1	1	1	1	1
SLIRP	1	119.932873468917	268.86249075936	1	1	266.079647242357	442.41789465101
SLIT3	1	1	1	462.863834500803	1	1	1
SMAP2	303.301845467275	1	304.39903453712	1	1	1	1
SMARCA4	1	667.839531416376	276.097495915705	1	1	1	1
SMARCA5	1	1	172.715406130391	1	284.967759484296	1	1
SMC1A	1	1	150.934727729691	1	1	1	1
SMC2	1	1	173.52390010531	1	1	1	1
SMC3	1	1	225.641453637601	1	1	1	1
SMC4	1	1	774.309414603366	1	1	1	1
SMDT1	1	92.429320092878	1	1	1	1	1
SMIM14	1	215.874937145705	1	1	1	1	1
SMIM3	1	1	1	1	244.888187628773	424.627601141474	1
SMTN	1	1	1	343.399862426946	1	1	1
SNF8	1	1	148.241751992173	1	1	1	1
SNRPA	1	1	203.5602648097	1	1	1	1
SNRPB	209.427524775762	1	267.960346069163	1	1	300.1000893991	1
SNRPB2	1	1	123.015509838769	1	1	1	1
SNRPC	1	1	204.615735223323	1	1	1	1
SNRPD1	1	1	182.223138727717	1	1	1	1
SNRPD3	1	82.9787860134992	334.329364335341	1	1	1	1
SNRPF	1	77.3887468642637	303.385750627441	1	1	1	1
SNRPG	1	84.9220867023293	350.964431499576	1	1	1	1
SNU13	1	96.3117741791421	171.422498937639	278.76909363036	1	1	1
SNW1	1	1	192.922416034592	1	1	1	1
SNX17	1	1	227.820258962857	1	1	1	1
SNX5	1	1	190.127137594391	1	1	1	1
SOCS3	1	1	1	274.223853071045	318.800014085401	1	1
SOD2	432.868324533803	390.287409111797	122.46001678289	1	487.176420450099	1	1
SOD3	1	1	1	2101.65744925829	383.138375132954	378.713198070189	929.704618987527
SORBS2	1	169.122631780274	1	671.655398222113	1	1	1
SORBS3	1	1	1	266.222767689982	1	1	1
SORD	1	192.528535092471	1	1	1	1	1
SORT1	1	1	1	506.775991423073	1	1	338.814821104966
SOX4	250.968256560401	1	1	1	1	1	1
SP100	251.344098082037	73.8694685652256	256.922456632422	1	1	1	1
SPARC	652.825449778139	1	1	1933.36990069928	7765.95095261753	12947.0385221384	13526.2560095751
SPARCL1	1	1	1	6266.33931265587	317.174256384107	1	2708.79543047387
SPATS2L	1	72.8294950510602	255.83052508461	1	409.685120949906	437.786202170268	649.907203623212
SPCS1	1	149.856552239909	224.645632282624	1	262.305307997457	256.241457436893	1
SPINT2	244.421187671292	1	192.811085268918	1	1	1	1
SPON2	1	1	1	1	336.448778392538	726.38152570451	500.39303949999
SPP1	3957.0447716095	464.583114187174	2805.07232351812	1	1	1	1
SPP2	1	307.39227685092	1	1	1	1	1
SPRY1	1	1	1	1	460.199629407804	481.02188802356	1
SPRY4	1	1	1	1	1	343.000980675625	1
SPTAN1	1	1	1	1	199.488211012063	1	1
SQOR	1	1	128.840992059805	1	1	1	1
SRGN	1917.30431118774	1	2149.79682815715	1	230.234024706002	1	1
SRI	1	1	158.12562857242	1	1	1	1
SRM	1	1	151.868971791011	1	1	1	1
SRP72	1	1	199.480825422708	1	1	1	1
SRP9	211.836440270047	166.131493448486	214.669710851389	1	1	274.54034090752	1
SRPX	1	1	1	1	395.046472075321	1	1
SRRM1	231.482318169114	1	282.795396045945	1	1	1	1
SRRM2	317.982937617143	1	348.158397645455	376.382526589777	240.910929400947	1	1
SRSF11	256.386240070354	1	1	1	1	1	1
SRSF2	240.408502048787	65.0341390959623	252.592068735075	368.170714826706	1	1	1
SRSF4	1	1	218.599145712369	1	1	1	1
SRSF5	1	116.197051016774	1	1	175.446204673729	1	1
SRSF7	223.031312015504	1	276.672159832865	250.767879745151	1	1	307.308665042414
SRSF9	1	1	183.342551622663	1	1	1	1
SSB	225.851410162046	1	1	184.272192636924	1	277.841559035701	241.45883214862
SSBP1	215.078336586084	124.399710927337	270.788415309954	248.689254371864	1	1	299.452329928586
SSR3	233.972233561406	81.090856816528	303.459722739641	1	1	309.052963788182	1
SSR4	826.508591754536	254.434928663024	386.731172107693	1	434.318218283254	414.538647435638	1
SSRP1	1	1	274.672031836413	1	1	1	1
ST5	1	1	1	1	1	298.006349254767	1
ST6GAL1	1	243.464021063242	1	1	1	1	1
STAG2	416.793092799115	193.917191247073	565.950104331462	268.262806705099	276.916449727069	1	1
STARD7	1	1	253.118583605902	1	1	1	1
STAT1	1	1	186.525614023771	1	1	1	1
STAT3	1	1	1	1	241.040736326276	1	1
STAT6	236.700917477625	163.477242912702	1	365.892050366031	280.331013425015	1	1
STAU1	1	137.487699724583	1	1	1	1	1
STEAP4	1	1	1	1	1013.30480562458	1	1
STK17B	1	1	189.217085465008	1	1	1	1
STMN1	1	1	1723.15919644336	1	1	1	1
STRAP	1	79.2800407569977	1	280.304232960982	1	1	1
SUCLG2	1	107.123053045238	1	1	1	1	1
SULF1	1	1	1	1	259.603410704061	643.755441799798	1
SULF2	1	1	1	1	215.975290732352	1	1
SULT1A1	1	198.834116840111	1	1	1	1	1
SULT2A1	1	1471.50340503353	1	1	1	1	1
SUMO3	1	1	187.525630381053	1	1	1	1
SUN2	1	1	149.868905979937	1	1	1	1
SURF4	1	119.369725602067	1	1	1	1	1
SUZ12	1	1	121.059731661517	1	1	1	1
SVEP1	1	1	1	1	342.715608686782	1	1
SYAP1	223.91849218954	84.0038657063674	182.926663348039	1	1	1	1
SYK	1	1	236.575016105132	1	1	1	1
SYNE1	1	1	1	408.440377245853	1	1	1
SYNE2	1	1	1	674.217147117139	1	1	383.443262270037
SYNGR2	289.564018504596	1	186.859721745473	1	1	1	1
SYNM	1	1	1	580.212516209157	1	1	1
SYNPO	1	1	1	265.662545985602	1	1	1
SYNPO2	1	1	1	591.483825496641	1	1	1
SYS1.DBNDD2	1	1	193.713300867023	527.941161993966	1	1	1
TACC1	473.761727523835	1	289.562379739202	878.491417848463	308.785854383182	540.096664580396	396.670098322613
TACC3	1	1	111.834725293163	1	1	1	1
TAGLN	1	1	1	12636.4384100984	2201.66941354625	2733.39631142577	3928.14625233635
TAGLN2	330.05135284957	1	477.097224711652	1	232.209569959429	359.372348132745	729.174271994285
TALDO1	1	84.3447391364302	406.152585930175	1	1	1	1
TAOK3	1	1	201.030187026293	1	1	1	1
TAP1	1	1	143.501450273701	1	1	1	1
TAPBP	384.968960306074	141.206644640345	376.66890657051	1	161.220960651732	1	1
TARDBP	1	1	1	1	1	1	371.652707470159
TAT	1	1358.59003547143	1	1	1	1	1
TAX1BP1	237.31659356205	94.8092730429348	251.302555627344	443.453298682905	1	1	1
TAX1BP3	1	1	1	1	1	264.764600330599	1
TBC1D1	1	1	1	559.968541590309	1	1	1
TBCA	1	206.171026205806	240.108723436191	1	198.968909691856	1	1
TBL1XR1	1	1	181.703772248044	1	1	1	1
TBX2	1	1	1	588.75003724943	1	252.732150453436	1047.43073303228
TCEA3	1	140.527701376132	1	1	1	1	1
TCEAL4	1	123.405055331707	1	1	427.820681380839	279.374748012399	504.164664328182
TCEAL9	1	1	1	1	503.996823379738	429.421939626204	486.140847701166
TCF4	1	1	1	269.946454389761	442.65170174172	896.723935761363	970.210454117547
TCP1	1	69.8816222886668	289.069020187464	256.634159891489	1	1	395.300510469386
TDO2	1	732.866282974539	1	1	1	1	1
TERF2IP	1	1	1	1	245.582937953359	1	1
TF	1	6779.18715613392	1	1	1	1	1
TFPI	1	196.9526023118	1	1	164.868006687209	1	261.140337687121
TFR2	1	266.274642082159	1	1	1	1	1
TGFB1	1	1	1	1	1	267.634809036972	1
TGFB1I1	1	1	1	372.221619809065	292.099293543799	317.280782350017	518.37263094683
TGFBI	512.811180377498	96.6985569705715	624.666377057626	1	756.471752512644	1078.04291017271	816.961287415197
TGFBR2	275.025971844262	1	1	1	318.360909866384	1	1
TGM2	1	133.394140372167	1	1	1	1	1
TGOLN2	323.939964207233	135.050212531565	185.246356021782	1	321.337740034656	1	401.444657580146
THBS1	1	111.452396161158	1	641.78098852772	1182.30992823403	571.638651737279	481.389515799938
THBS2	1	1	1	1	943.673610154941	1053.37316266559	1
THOC5	1	141.426184622111	1	1	1	1	1
THRAP3	1	1	161.033240489108	1	1	1	1
THRSP	1	161.828171976653	1	1	1	1	1
THY1	1	1	1	1	590.342739116516	1108.25346712443	2624.10245644758
TIMP1	1608.34682563155	781.067373259544	476.460557743345	660.660547479627	11721.1996609383	16045.7114566967	8047.67942956028
TIMP2	477.862285429301	1	290.771776927407	507.893065519004	1329.3532956431	1608.56652935669	1593.11868754393
TIMP3	416.928398205152	1	1	1534.97974724431	1224.33597947928	1816.01365671478	1041.84650023428
TINAGL1	1	1	1	584.386080945258	1	1	1
TIPARP	1	1	1	554.424902910246	1	1	1
TK1	1	1	531.840382391051	1	1	1	1
TKFC	1	120.174567634848	1	1	1	1	1
TKT	1	1	198.763709386942	1	1	1	1
TLN1	388.368116499322	1	386.67359069262	1085.06551207562	368.057383717728	505.361135776401	557.556213089545
TM4SF1	995.49252841131	202.189416131104	1	340.485649679208	153.331059597671	1	408.439056589375
TM4SF4	970.991327207435	876.172542263658	595.376041324339	1	1	1	1
TM7SF2	1	132.169622679973	1	1	1	1	1
TM7SF3	1	103.491162730673	1	1	1	1	1
TM9SF2	205.620901769507	82.5546927857036	113.126906971396	1	238.877958318712	251.495366957419	1
TM9SF3	219.287124837608	106.354016776766	1	1	300.299184434838	372.380274119571	1
TMCO1	1	115.176917157946	1	1	1	1	1
TMED10	218.247563928676	83.315547856918	1	1	332.086965943907	325.830343047438	1
TMED2	1	127.657910117605	249.639070305875	1	293.11569721619	1	1
TMEM106C	1	1	324.485645198633	1	1	1	1
TMEM109	1	1	124.620900863687	1	1	1	1
TMEM123	242.534096073664	193.489805307927	263.353905177624	1	1	1	1
TMEM14C	210.210905307037	104.821864244821	228.225545877653	1	1	276.825871460843	1
TMEM165	1	1	1	1	1	1	447.113036186906
TMEM173	1	1	1	1	185.746613863928	1	1
TMEM176A	1	896.693676739068	1	1	417.691818797482	1	1
TMEM176B	1	1059.22431971292	1	1	368.072092098636	1	1
TMEM189.UBE2V1	237.759600902371	86.0938507322107	225.681545268617	1	1	1	1
TMEM204	1	1	1	1	1	872.689804957844	683.736346703986
TMEM219	1	94.5366720179357	1	1	1	1	1
TMEM230	1	128.283734586227	149.268383003473	1	221.406315432917	1	1
TMEM256.PLSCR3	1	124.993524416173	1	1	1	1	1
TMEM30A	1	62.0344928381357	248.086678191085	1	1	1	1
TMEM47	1	1	1	1	177.707498939665	1	1
TMEM50A	255.044036204353	1	243.941311522288	1	1	315.042886961251	409.960904136342
TMEM56	1	197.700854319247	1	1	362.470088471293	1	1
TMOD3	1	1	118.185916332408	1	1	1	1
TMPO	1	1	628.956643296635	1	1	1	1
TMX2.CTNND1	206.004495385769	155.076866715211	283.252937745097	1	1	327.875987446083	1
TNFAIP3	502.882120526703	1	491.07138803421	1	1	1	1
TNFAIP6	1	1	1	1	1	1	296.989427160285
TNFRSF1A	1	88.5997408122656	1	1	178.579745363268	1	1
TNFRSF1B	281.656244828706	1	153.298403925239	1	1	1	1
TNFSF10	1	112.531617888123	1	1	1	1	1
TNS1	1	1	1	1434.57014242741	354.797530215519	488.726009536082	602.88302922283
TNS3	1	1	1	1	234.726722547301	449.620762665822	553.859508080351
TOB1	1	106.307923556228	92.9681549071209	374.7345902765	1	1	1
TOB2	1	1	1	520.2011788073	1	1	1
TOP1	290.186686683294	1	134.276408179981	1	1	1	1
TOP2A	1	1	1132.71864932903	1	1	1	1
TOR1AIP2	1	146.47470461982	1	1	1	1	1
TPGS2	1	1	157.005754667014	1	1	1	1
TPM1	248.734212061318	153.643630215964	118.177793971149	2789.48782374957	528.748847367333	1302.42319565295	1591.631386452
TPM2	1	1	1	5842.08089821823	485.571310974	1002.89518649195	1558.70288011995
TPM3	571.531735535181	118.939197641294	710.480757624367	1	1	1	1
TPP1	463.409973287323	1	226.57207653454	1	231.945147290295	1	1
TPPP3	1	1	1	1	1	1	783.798190304067
TPR	1	1	236.8652781212	1	1	1	1
TPX2	1	1	563.428229389113	1	1	1	1
TRA2B	243.123915535263	1	214.020320292719	1	1	1	372.702444546793
TRAM1	349.465749431432	165.267605052417	278.379823245461	1	337.321267346332	387.507768246563	1
TRAPPC13	654.60009115185	369.929667961231	815.64888242974	1	345.385361857786	1	1
TRIM28	1	1	321.776747534595	1	1	1	1
TRIM44	1	76.1014478464075	1	1	1	1	316.111346051556
TRIOBP	1	1	130.990012887252	1	1	1	1
TRIR	1	115.663812199542	235.186830475634	213.643128259281	1	1	297.615535663446
TRMT112	192.452438851118	104.859373250588	268.892325779018	315.963486026842	1	311.037089655626	1
TRMT5	1	1	403.763983266602	1	1	1	1
TROVE2	1	1	1	1	1	1	384.262260770713
TSC22D1	292.518665753131	111.311224486944	1	979.429153293132	692.065882998769	1387.71231022211	1166.20117646788
TSKU	1	190.897902349133	1	1	1	1	1
TSPAN3	205.589944796026	1	116.696297562128	242.314702967185	238.453229325865	348.051385629633	471.46187000172
TSPO	232.610778415998	1	108.896046862167	1	1	1	1
TST	1	321.440888913818	1	1	1	1	1
TTC3	250.64182731457	162.974861194456	1	378.612745076002	224.583557301735	423.633096595616	1
TTC39C	1	116.816506611331	1	1	1	1	1
TTR	1	8435.71240391406	1	1	1	1	1
TUBA1C	1	1	799.833959577561	1	1	1	1
TUBB4B	243.118389683307	1	590.336775954055	1	156.285942711963	1	1
TUBB6	1	1	1	353.230594847952	368.880127142378	1	1
TUFM	1	102.448897571799	439.887260728325	1	1	1	1
TXNDC12	1	1	170.505681861298	1	1	1	1
TXNDC5	1	74.2957200704792	1	1	199.234030656321	1	1
TXNL4A	1	1	143.788561055949	1	1	1	1
TYMS	1	1	781.186925900402	1	1	1	1
TYROBP	1406.10494171079	1	822.14751096968	1	302.272050283416	374.792879592902	1
U2AF1L5	1	1	1	1	218.093658205533	1	1
UACA	1	1	1	1	411.396554469772	1489.49597054032	1596.47580819695
UBA1	1	80.5855348369992	174.68821931589	1	263.105997534249	335.170674115755	1
UBA2	1	1	1	303.185707312073	1	1	272.2360593616
UBALD2	1	1	222.881263423328	1	1	1	1
UBE2A	1	1	218.57396428301	1	1	1	1
UBE2C	1	1	308.084195862799	1	1	1	1
UBE2D2	1	87.7291143044475	343.027376354594	1	1	1	373.831432926229
UBE2E3	1	1	1	1	1	1	187.650934426612
UBE2I	1	1	298.33486696039	1	1	1	1
UBE2L3	1	1	249.227276222863	1	1	1	1
UBE2T	1	1	172.384794427419	1	1	1	1
UBXN1	1	1	160.589673868758	1	1	1	1
UBXN4	202.121299588679	118.178338880879	275.817877456117	1	1	1	1
UCP2	240.809186311562	1	246.117121371168	1	1	1	1
UFC1	1	88.513158399499	218.514537570273	1	1	1	1
UGCG	1	1	1	1	252.55284336305	1	1
UGP2	1	474.131900414423	102.748152554458	241.458097941165	215.644001089241	1	1
UGT1A8	1	721.966398533298	1	1	1	1	1
UGT2B10	1	368.679957815082	1	1	1	1	1
UGT2B15	1	509.769016512342	1	1	1	1	1
UGT2B4	1	595.467737535447	1	1	1	1	1
UGT2B7	1	701.732898092948	1	1	1	1	1
UNC5B	1	1	1	1	225.448121361322	365.702887328857	1
UPB1	1	164.859896064178	1	1	1	1	1
UQCC2	1	1	193.134045507264	1	1	1	1
UQCRC1	1	128.814678661638	1	1	1	1	1
UQCRC2	1	137.431705141597	1	1	1	1	443.618129745861
USP1	1	1	209.236335823708	1	1	1	1
USP16	1	1	178.004959260289	1	1	1	1
USP9X	1	90.0483932370157	1	1	1	1	1
UTRN	260.061516845069	1	1	825.037457314902	1	1	411.954238484934
VAMP8	363.366699353433	101.61433461346	340.355668733984	1	1	1	1
VAPA	249.208811237752	81.9586131646438	134.852295623964	422.708982087246	223.748924827091	1	427.264989646785
VASP	211.41675360376	1	1	1	1	1	1
VCAN	1	1	1	1	1132.71423864647	2312.57345425364	541.472020604014
VCL	1	1	1	398.791946462113	596.439911215227	414.244834146106	584.458257568923
VCP	1	77.9958058729425	257.050359964745	1	191.407149179496	1	1
VDAC1	200.905555012635	139.110933946321	221.079317827981	245.797339551234	1	1	1
VDAC3	1	1	165.412722823186	1	1	1	1
VEZF1	1	1	1	213.538835439431	1	1	1
VMP1	1	1	1	1	395.901906947538	477.593152204096	1
VNN1	1	127.428908060857	1	1	1	1	1
VOPP1	1	1	161.354219785412	1	1	1	1
VPS26A	1	1	204.396502777464	1	1	1	1
VPS35	1	1	165.552991920449	1	1	1	1
VSIG4	1	1	115.96618730103	1	1	1	1
WAC	324.944436507785	69.7466740940614	221.154355800598	278.669458655751	1	1	1
WARS	279.94163992505	1	1	1	1	1	1
WAS	1	1	120.408835202669	1	1	1	1
WASL	1	1	1	1	184.785262625354	1	1
WBP11	1	1	161.35751450915	1	1	1	1
WDR1	245.747333834817	1	298.057937026985	526.889783417483	180.167469580804	1	476.606518322583
WFDC1	1	1	1	541.760919686267	1	1	1
WIPF1	1	1	137.969028774239	1	1	1	1
WLS	1	1	1	1	178.958201377327	1	1
WSB1	284.552172190322	1	1	1	266.896974637246	1	1
XBP1	384.725364594296	352.982169705985	273.34736884896	1	213.222903765216	1	1
XPO1	1	1	222.583135992675	1	1	1	1
XPO5	1	1	121.508910042099	1	1	1	1
XRN2	1	1	202.536788814599	1	1	1	1
YAP1	1	1	1	1	1	1	299.705779184332
YBX3	268.275158077968	1	1	1025.06819633345	194.573442954508	1	1
YME1L1	1	1	98.3059309214738	1	1	1	497.537652586321
YPEL5	1	1	163.533132910966	1	1	1	279.06144803301
YWHAH	277.336870385973	1	396.28916627393	348.111273890499	1	1	1
ZBTB20	316.338654037612	236.781022263319	1	1	464.453360628772	579.946959202147	526.943556001372
ZBTB38	1	1	1	1	298.424576608228	310.902700720495	258.427012913543
ZC3H11A	1	1	201.557399114685	1	1	1	1
ZC3H15	1	1	221.923445808143	1	1	1	1
ZCRB1	1	138.524094734538	1	1	1	1	1
ZEB2	1	1	182.482768499742	359.325683421346	1	1	1
ZFHX3	1	1	201.424287564852	508.680549104949	1	1	295.408023762048
ZFP36L2	728.116821121616	111.07959648669	1163.59636876254	1	429.252313860371	420.628537737698	1
ZGPAT	1	105.919403631873	1	1	1	1	1
ZKSCAN1	1	119.869862056618	1	1	1	1	1
ZMAT2	1	1	176.523260281122	1	1	1	1
ZNF207	1	1	226.843948152126	1	1	1	1
ZNF331	300.666873078824	1	1	1055.17689891914	1	1	1
ZNF419	302.173634884959	265.675021458407	256.852123883771	1	1	1	1
ZNF511.PRAP1	1	295.823975113736	1	1	1	1	1
ZNF90	376.491234159651	85.5284887878447	426.283792845353	1	340.163364252002	263.127299259223	1
ZNHIT1	1	126.909131128782	1	1	1	1	1
ZWINT	1	1	122.034502409579	1	1	1	1
