NAME	LVECt	Other	LSEC	Hepatocytes	LVEC	Carcinoma
A1BG	1	1	1	754.203028192426	1	1
A1CF	1	1	1	276.680231502404	1	227.607471236162
AADAC	1	1	1	245.206916945939	1	1
ABAT	1	1	1	229.257725605605	1	1
ABCC3	1	1	1	1	1	271.281048040417
ABHD14A.ACY1	1	1	1	170.968259757219	1	1
ABHD2	1	1	1	152.959930605843	1	218.754366914234
ABLIM1	1	1	1	1	279.147114939684	208.517085854147
AC002094.3	1	1	1	2940.6275431208	1	1303.88500010324
AC003688.1	1	1	1	1	1	366.780892791945
AC004691.2	1688.12211763602	1	1	1	1362.82446778664	747.224311261553
AC007192.1	1	2123.93201487472	1	70.409920186762	1	1
AC008763.3	245.05542270603	1	1	1	1	160.378670712491
AC009779.3	1	1	1	133.620998782822	1	205.359943253664
AC010132.3	1	1	1	274.47483882822	1	226.293035051116
AC010422.3	1	316.104715132377	1	1	1	1
AC010422.5	182.166083143098	1	1	78.1120330511147	246.252731817376	149.517430606705
AC011479.1	1	1	1	1	1	196.034163133239
AC011498.4	1	1	1	263.876361614241	1	1
AC015813.2	211.96245208263	1	1	1	1	1
AC024592.3	292.531980835669	1	1	158.841856434141	1	252.515603661658
AC036214.3	1	1	1	1	1	165.207082146648
AC068580.4	307.566127448257	1524.46053249543	2155.90684450045	287.52533449182	340.18183980928	469.546120100199
AC068631.2	1	1	1	1	1	150.217523464738
AC073610.3	1	305.116434263437	1	101.40060874903	235.904142923323	184.710016244042
AC073896.1	1	1	1	112.04427738163	1	207.564436699954
AC091167.3	1	1	1	86.4742004409887	1	362.358456426287
AC099329.3	1	1	1	181.204388652436	1	1
AC104109.3	187.678564877284	1	1	1	1	140.329143019967
AC116366.3	1	1	1	1	1	177.378509887111
AC119674.2	625.675852925286	1	2176.33702478124	196.725413204112	1718.02591704363	1
AC135050.2	1	1	1	376.063376123181	1	134.511263818641
AC142391.1	509.049223150245	1	1	1	460.689537277602	1
ACAA1	1	1	1	419.780325531295	1	1
ACAA2	1	1	1	701.8885803845	1	240.281958956216
ACACA	1	1	1	1	1	155.56368521809
ACADM	1	1	1	165.126718740483	1	1
ACADSB	1	1	1	227.344433297994	1	1
ACADVL	1	1	1	242.589693799145	1	345.507421474162
ACAT1	1	1	1	459.219538523326	1	1
ACAT2	1	1	1	134.886646557757	1	1
ACMSD	1	1	1	91.2873821857543	1	1
ACO1	1	1	1	93.042430367582	1	1
ACOT13	1	1	1	211.080739785884	1	1
ACOX1	1	1	1	173.293657590418	1	1
ACOX2	1	1	1	158.525442833839	1	1
ACP1	1	1	1	111.880482726109	1	186.561061922069
ACSL1	1	255.395706385385	1	531.291883579773	1	1
ACSL5	1	1	1	127.55313532536	1	1
ACSM2A	1	1	1	562.338786773744	1	1
ACSM2B	1	1	1	446.894263026842	1	1
ACSM3	1	1	313.282214471589	95.481999181923	1	1
ACSM5	1	1	1	175.788932845359	1	1
ACTA2	1	1285.87072102685	1	1	1	1
ACTN1	1	300.237133526918	1	1	1	1
ACTR3	281.540821557556	334.613041703913	1	1	1	202.632754064352
ADA2	1	318.321222717127	1	1	1	1
ADAM10	1	1	210.179158327728	97.1769976050166	1	198.061770742031
ADAMTS1	1789.00202841663	1	1	1	825.934905462203	1
ADAMTS4	296.984693697172	1	469.639880020432	1	506.884654808193	1
ADAMTS9	393.357056186403	1	1	1	1	1
ADAR	255.107022721772	1	1	1	1	122.053119842639
ADCY4	202.914472438492	1	1	1	1	1
ADD1	223.494101701601	1	350.63970005774	1	453.32771674074	1
ADD3	1	1	393.93412191921	1	233.03185161094	159.114537170734
ADGRF5	616.363383347545	1	767.909023704384	1	427.774545208107	1
ADGRG1	340.7211985775	1	1	1	1	217.360995715609
ADGRL4	762.957387905839	1	752.248866367494	1	319.14799156266	1
ADH1A	1	1	1	1753.28895561008	1	1
ADH1B	1	1	1	5689.5059162324	1	1
ADH4	1	1	1	2102.74200015709	1	1
ADH5	1	1	1	141.935605890419	1	182.544718203806
ADH6	1	1	1	387.047964202906	1	1
ADI1	1	1	1	509.807297687866	1	164.173759831826
ADIPOR1	1	1	1	86.8376449255284	1	1
ADIPOR2	215.801980750968	1	1	93.2874921604855	1	1
ADIRF	295.451614494778	1	1	1	1155.6655196335	1
ADK	1	1	1	117.572304894251	1	1
ADM	1	1	1351.11017091827	1	1	1
AEBP1	1	406.457574332493	1	1	1	1
AF241726.2	1	477.761995817048	1	119.98757024928	1	1
AFAP1L1	184.214674730046	1	276.91389408926	1	1	1
AFDN	225.730410724952	1	1	1	1	200.321597140656
AFM	1	1	1	316.912715355965	1	1
AGPAT2	1	1	1	95.1253175709131	1	1
AGRN	1	1	1	1	1	220.447509295165
AGT	1	1	1	1130.63070381587	1	854.924230344737
AGXT	1	1	1	956.313957123053	1	1
AHCYL1	1	1	1	155.084401259831	1	188.055196657181
AHSG	1	1	1	2773.32512772081	1	1
AIF1	1	1001.30913875557	1	1	1	1
AIFM1	1	1	1	110.949014998984	1	1
AIG1	1	1	1	228.750605785919	1	1
AK2	1	1	1	94.3989041998655	1	1
AK3	1	1	1	147.079540709787	1	1
AKAP12	1	1	2928.63818229543	1	1131.31992957199	1
AKAP9	324.03681315494	1	1	124.279951064808	1	497.215332842404
AKR1A1	1	1	1	245.626241209091	1	159.259928597742
AKR1B10	1	1	1	1	1	193.251647623751
AKR1C1	1	1	1	666.008734205053	1	808.015804062516
AKR1C2	1	1	1	569.997288914085	1	557.481584912071
AKR1C3	1	1	1	159.895503375735	1	432.086868478426
AKR1C4	1	1	1	222.94838311131	1	1
AKR1D1	1	1	1	127.768302598657	1	1
AKR7A3	1	1	1	219.926639832962	1	1
AL049779.1	1	1	1	101.056987375649	1	1
AL049839.2	1	1	1	1963.69703712452	1	367.581156633526
AL121594.3	225.096947154695	1	1	120.285319198776	1	191.354399959263
AL121753.1	1	1	1	62.2388982649217	1	154.934061539455
AL121845.3	1	1	1	106.083088166864	1	1
AL133352.1	173.356356274525	1	1	150.233950079369	1	151.17004725277
AL159163.1	1	702.949448274236	1	1	1	1
AL365205.1	1	1	1	127.769626368874	1	263.962368840207
AL589666.1	213.931223660904	1	1	1	1	1
AL591806.3	1	1	1	80.7145812043359	1	282.515193667082
AL645922.1	1	1	1	1465.61605725734	1	391.129470038391
AL645941.2	1	536.796838116484	1	1	1	1
AL807752.6	535.862063111133	1	552.213672598459	1	542.991268252675	1
ALAD	1	1	1	167.550166211306	1	1
ALAS1	1	1	1	220.934182771285	1	1
ALCAM	1	1	1	117.711159026855	1	297.459408891282
ALDH1A1	1	1	1	605.47803903465	349.649520267597	1
ALDH1B1	1	1	1	125.477275611547	1	1
ALDH1L1	1	1	1	239.887526455505	1	1
ALDH5A1	1	1	1	115.051716832835	1	1
ALDH6A1	1	1	1	257.051051054251	1	1
ALDH7A1	1	1	1	151.797789698931	1	1
ALDH8A1	1	1	1	150.136367438488	1	1
ALDH9A1	1	1	1	135.749339354904	1	1
ALDOB	1	1	518.447224989317	7860.03369373238	238.523712833472	1
ALKBH7	1	1	1	93.0464435755242	1	1
ALOX5AP	1	287.116268537502	1	1	1	1
ALPL	1	1	1	1	260.408993315334	1
AMACR	1	1	1	124.755809423336	1	1
AMBP	1	1	1	5232.36301077221	1	536.15574830771
ANAPC11	1	1	1	106.45491960901	1	215.266943929219
ANAPC16	1	1	1	141.958445604756	1	195.00441474435
ANAPC5	261.616599291287	1	1	1	1	1
ANGPTL3	1	1	1	602.408275833493	1	1
ANKHD1	1	1	1	1	1	189.631407853083
ANKRD11	336.719750922662	1	1	1	1	191.102667468435
ANPEP	1	1	558.138455129435	224.737791780174	1	187.011013899907
ANXA1	728.031267381497	492.387299500472	1	1	662.321344949461	1
ANXA10	1	1	1	87.2521959864953	1	1
ANXA11	1	1	1	1	1	339.300133253886
ANXA13	1	1	1	1	1	227.657741216282
ANXA3	1	1	1	1	1	172.239296265963
ANXA4	1	1	1	208.078096557018	1	1627.9598253965
AOX1	1	1	1	464.153517177155	1	1
AP1S2	1	1	234.79057178585	1	1	1
AP2S1	245.462675163788	236.364073221973	296.183389295627	71.5364560165548	1	1
APCS	1	1	1	1294.93443124786	1	665.691872958872
APEX1	1	1	1	76.4592392781772	1	215.246122965832
APLNR	303.802821472792	1	1	1	1	1
APMAP	1	1	1	145.70814645324	1	1
APOA1	1	1	1	7071.97975204074	1	1
APOA2	1	1	440.490055019442	15077.8135101936	1	1
APOA5	1	1	1	367.158532156363	1	1
APOB	1	1	1	2402.95011195733	1	249.500506969769
APOC1	1	1304.14704490553	399.149149696869	10462.0569014363	1	1
APOC3	1	1	657.398286700146	11127.3676155111	1	1
APOC4.APOC2	1	1	1	5566.86378964717	1	1
APOE	1	3368.4347314283	308.179424443107	3690.51014483712	1	1
APOF	1	1	1	123.510957027673	1	1
APOH	1	1	430.554911417954	8231.97670303773	1	245.670309653076
APOL1	316.471105819999	1	510.949538192511	160.63422155202	278.128722701351	1
APOL3	216.764567089462	1	1	1	239.160304143953	1
APOL6	1	1	1	96.2557802033363	1	1
APOLD1	1269.85607077635	1	870.078396741545	1	649.079049662272	1
APOM	1	1	1	336.147866829807	1	1
APOO	181.625377549123	249.455730951825	1	1	245.488522785771	207.698180093197
APP	559.871508060259	1	988.470612118008	124.37917567265	530.442508675119	444.805945295629
APRT	1	1	1	127.963403420085	1	211.657462575517
AQP9	1	1	1	413.859676312656	1	1
AR	1	1	1	103.995240756527	1	1
ARAP1	1	1	1	221.923429003187	1	179.347332860323
AREG	1	632.70852878132	1	1	1	290.672785438677
ARF4	1	245.006242351878	1	82.9417637844851	248.070530691696	190.737506092944
ARF5	1	1	1	1	1	166.356999094279
ARF6	1	1	1	1	1	194.259282808249
ARG1	1	1	1	507.577087264842	1	1
ARGLU1	536.410612912814	1	1	1	427.022653360902	217.135355031687
ARHGAP23	259.673846878249	1	1	1	1	1
ARHGAP29	332.148882269363	1	224.800153965715	1	243.665037479446	1
ARHGAP31	247.32879426147	1	1	1	1	1
ARHGAP5	1	1	1	1	1	177.152792337267
ARHGDIB	628.980211423691	1029.16075638885	827.959740507687	1	586.800606378347	1
ARID4B	387.091078750654	1	1	1	1	1
ARL10	1	229.939991602473	1	89.778789923855	1	254.128357850696
ARL2	1	1	1	1	226.115591620404	1
ARL4C	1	352.645999494994	1	1	1	496.34946460633
ARL6IP5	218.715535867039	319.004500358758	1	1	223.073466679496	171.477409018002
ARRB2	1	241.141009939477	1	1	1	1
ARRDC2	1	1	1	1	1	170.982372319633
ARSD	1	1	1	85.4569527615014	1	148.364374336884
ART4	1	1	262.838380143186	1	1	1
ASAH1	1	422.872910885981	1	1	1	173.980426651844
ASAP1	279.280931162919	1	1	1	1	1
ASGR1	1	1	1	255.465325326386	1	1
ASGR2	1	1	1	259.581930497062	1	1
ASL	1	1	1	88.7154687906564	1	1
ASPH	1	1	1	1	1	133.374691323031
ASS1	1	1	1	542.980232284012	1	1
ATF3	1	461.60395747584	1	1	1	291.931133847237
ATF5	1	1	1	292.300984804053	1	1
ATOX1	1	1	1	122.461220164034	1	1
ATP13A3	1	1	1	86.5278625782688	285.905457658057	131.962898498593
ATP1B1	1	1	1	214.792808816711	1	1196.33789499567
ATP1B3	391.268018239969	546.585951277498	1	1	256.499474561929	1
ATP2A2	215.874054858253	1	1	1	1	1
ATP2B4	295.586879019697	1	299.021037400255	1	224.007107270455	1
ATP5D	1	1	1	165.745964568085	1	271.621455964328
ATP5F1	1	1	1	181.805364310789	1	258.491922519927
ATP5G1	1	1	1	132.734282630311	1	1
ATP6AP2	1	258.338331452337	1	1	1	202.544806060762
ATP6V0B	1	239.434495469519	1	132.586326364151	1	216.372021282354
ATP6V1B2	1	241.206239467072	1	1	1	1
ATP6V1E1	1	1	1	1	1	162.483038350124
ATP6V1F	1	288.451113587159	1	1	1	142.999146698329
ATP6V1G1	1	263.002035207397	1	115.813742888516	269.134305607776	241.188048395606
ATP6V1G2.DDX39B	217.043370738928	1	1	1	199.418729258858	165.431659977515
ATRAID	1	1	1	1	1	147.363049213826
ATRX	331.993677661419	1	336.401675434076	1	257.147338236629	241.654205568784
AUP1	1	1	1	45.9119093087286	1	139.065548804282
AVL9	1	1	1	209.495454105246	1	311.786733647534
AXL	1	345.117318628265	1	1	1	1
AZGP1	1	1	1	922.690973232135	1	125.398488076515
B4GALT1	1	1	389.42119382269	71.4143090859739	1	1
B4GALT5	1	1	283.662651003706	1	1	1
BAAT	1	1	1	903.698038433342	1	161.014315095954
BAG3	386.954769264255	1	1	1	1	1
BAG6	1	1	1	1	1	175.935046058302
BASP1	1	418.667926549186	366.088594199818	1	1	1
BAZ2B	190.639495637476	1	1	1	1	187.475481145238
BCHE	1	1	1	167.076293535358	1	1
BCL2A1	1	305.849788374582	1	1	1	1
BCL2L1	1	1	1	1	1	299.252789461501
BCL6B	441.973552591425	1	1	1	1	1
BCLAF1	188.873172788017	1	227.308035018444	1	1	160.895439785882
BDH1	1	1	1	92.0254134808818	1	1
BDKRB2	137.420558914165	1	1	1	1	1
BEX3	245.022579699213	1	1	72.6207745689091	277.160037475075	306.647106114854
BGN	540.215620527517	2041.86150486883	1	1	488.258514395788	1
BHLHE40	386.778507366346	1	288.511313749111	1	253.741592424653	1
BHMT	1	1	1	537.264588320409	1	1
BHMT2	1	1	1	127.686800611559	1	1
BICC1	1	1	1	1	1	276.261866064517
BIRC3	1	1	1	1	1	230.079403762084
BLVRB	1	1	1	160.253150070935	1	1
BMPR2	510.408779332983	1	1	1	479.864629953235	1
BNIP3	1	1	1	187.111528371783	1	1
BNIP3L	1	1	252.398366220334	1	260.848793794696	1
BOLA2B	1	1	1	1	1	181.565857730306
BPHL	1	1	1	102.532332959674	1	1
BPTF	194.950154983139	1	316.222087965748	1	270.946883393297	271.239949000925
BRD2	268.053660864853	1	1	1	1	179.943226348351
BRD4	1	1	1	1	1	144.035561238211
BSG	211.038598617092	1	1	1	1	229.186754575589
BST2	303.725700108382	281.266034824171	772.710420091662	59.6573649427951	440.794839245009	1
BTG2	316.644746282984	430.402170433089	1	1	274.451939205376	1
BX248415.1	1	1	1	2068.13999053944	1	1
BZW1	223.240022072738	1	1	136.631143456948	1	205.150869494076
C10orf10	890.86590698623	1	1	119.335750634061	305.948960080394	1
C11orf58	350.439677349736	1	1	88.5152565616542	279.779480730178	178.167014019156
C12orf57	318.739478225053	1	1	87.673084834334	1	218.085774740066
C12orf75	1	1	1	1	1	327.052149175128
C14orf2	211.353487159224	257.851487781437	1	179.64220428044	1	291.829616619553
C15orf48	1	1	1	1	1	274.843380294671
C18orf32	1	1	1	66.8803827968325	1	162.669727656958
C19orf53	218.767970906031	1	1	104.696963463626	1	202.748753838464
C1QA	1	2319.41118024425	1	1	1	1
C1QB	1	3066.97618694907	1	1	1	1
C1QC	1	773.779504643272	1	1	1	1
C1QTNF1	1	1	622.082305545923	1	401.267716433468	1
C1QTNF5	214.028026964301	1	1	1	1	1
C1R	1	425.201873204037	1	1018.21912937975	1	1
C1RL	1	1	1	113.697985662639	1	1
C1S	1	1	1	1222.38908825989	1	1
C1orf162	1	549.369264340364	1	1	1	1
C1orf21	1	1	303.735078997864	1	1	1
C2	1	1	1	260.632517543894	1	1
C3	1	766.581513756702	1	4644.93090214533	1	1476.99765628815
C4A	1	1	1	206.523246439005	1	1
C4B	1	1	1	1172.96937917487	1	214.915417055494
C4BPA	1	1	1	665.052769662649	1	1
C4BPB	1	1	1	276.189906197211	1	1
C5	1	1	1	241.881072238232	1	1
C5AR1	1	422.971716873213	1	1	1	1
C6	1	1	1	333.149536546701	1	1
C6orf48	170.451035404744	244.927508692206	1	1	1	187.198835138812
C6orf62	1	234.289471117894	1	1	1	203.187423505463
C7	1	1	377.033868981773	1	1159.09032928107	1
C8A	1	1	1	255.456320633004	1	1
C8B	1	1	1	330.817131151399	1	1
C8G	1	1	1	145.002814908559	1	1
C8orf59	1	1	1	1	1	187.607866608444
C9	283.813296119163	290.800669627018	1137.14932428618	744.850446935466	252.962587545166	1
CA2	1	1	1	118.060649665843	1	234.971873367552
CACYBP	1	1	1	1	1	175.507918997512
CALCOCO2	202.600023829463	1	363.47957754932	67.455348944534	312.988216506153	1
CALCRL	812.663268866366	1	1	1	452.876822567534	1
CALD1	446.850114008257	783.482390448795	1	272.347771924382	251.133469828313	172.088122640146
CALU	323.422861905339	1	464.758958248985	1	1	1
CAMK2N1	1	1	1	100.274499597578	1	280.770554125716
CAPG	1	394.540959110834	1	1	1	1
CAPN1	1	1	1	1	1	154.503281796928
CAPN2	369.288221787165	1	1	1	1	330.164130421671
CAPZA1	1	285.953408826096	1	1	1	151.105508818215
CAPZA2	259.524689491874	1	289.481344942703	1	252.055126545837	133.769633850623
CAPZB	1	257.573265188142	1	1	1	1
CARHSP1	1	1	1	90.9133955563452	1	1
CAT	1	1	1	588.188085730928	1	1
CAV1	1175.46324995392	1	1	1	820.101095007715	1
CAV2	266.149783512457	1	1	1	312.476941675005	359.091566904326
CAVIN1	1010.91165091756	1	641.808357738944	1	589.482269642093	1
CAVIN2	926.160057031219	1	1169.94621328235	1	1142.76731515823	1
CBR1	1	1	1	139.866580355459	1	1
CBSL	1	1	1	108.976777090388	1	1
CBX3	211.166226539051	1	1	98.5190466801623	244.422158169759	301.064139312553
CCDC50	242.374703594241	1	350.319561477342	1	407.421645245832	1
CCDC88A	1	248.78280351195	1	1	1	1
CCL14	1936.06631823352	1	11902.7500784199	1	4292.29306765591	1
CCL16	1	1	1	93.1816598000697	1	1
CCL3	1	644.631242365662	1	1	1	1
CCL4	1	679.799807771256	1	1	1	1
CCNL1	302.829078540417	1	1	1	1	184.565595126923
CCPG1	1	1	295.718566292825	1	267.975896780998	1
CCT2	1	1	1	1	1	185.845927864129
CCT3	1	1	1	78.3563229255203	234.420771636669	208.155877846236
CCT4	321.976922386417	1	1	92.0450619179663	1	222.667922087491
CCT5	1	1	1	171.260972223616	1	185.311491751177
CCT6A	266.565997997577	1	1	1	253.826871464843	207.806985704686
CCT7	1	1	1	1	1	177.35095864224
CCT8	1	1	1	1	1	181.188183899397
CD14	1	528.766721796136	1323.38205780004	287.232844373127	1	1
CD163L1	1	618.127077850426	1	1	1	1
CD164	1	269.857099353414	1	98.1409875167501	1	248.702351995331
CD24	1	1	1	1	1	1055.78979856565
CD2AP	1	1	1	1	1	182.992099011248
CD302	1	1	1	149.564492660172	1	1
CD320	1	1	1	1	291.178158426279	1
CD34	1173.30393888404	1	1	1	422.277596910365	1
CD36	321.764603067323	1	1966.37016947662	1	770.523828164493	1
CD37	1	334.371285330253	1	1	1	1
CD4	1	478.728704337861	1818.0081444618	1	365.361054369061	1
CD44	1	448.784412409735	1	1	1	1
CD46	329.44486171417	1	1	97.9237219745849	1	276.43565258073
CD47	1	1	1	1	1	196.002373280016
CD52	1	336.713931034228	1	1	1	1
CD53	1	450.871499138596	1	1	1	1
CD55	257.745669252397	1	355.023847636858	1	300.973371491138	1
CD74	2873.98503579832	21706.0283550045	2993.48398264643	300.923249431088	3319.79468700282	680.202686468913
CD83	1	471.690708937963	1	1	1	1
CD84	1	256.651971670143	1	1	1	1
CD9	1435.71209329775	366.29648953146	1	1	1237.73912598926	468.9427565476
CD93	935.356089607225	1	371.916954889254	1	317.082340317936	1
CDC37	404.917538268272	1	1	1	225.069626021025	1
CDC42BPB	269.262527814645	1	253.877435092071	1	1	1
CDC42EP1	1	1	1	1	1	183.440359587105
CDC42EP3	248.753355249644	1	1	1	475.761498705741	1
CDC42EP4	1	1	380.954790691931	1	1	1
CDH1	1	1	1	95.5325080840722	1	394.146009273682
CDH5	754.382519519307	1	513.828233431917	1	380.529021602493	1
CDH6	1	1	1	1	1	221.355056600635
CDO1	1	1	1	223.013819097898	1	1
CEACAM5	1	1	1	1	1	1421.10633699948
CEACAM6	1	1	1	1	1	713.235540459137
CEACAM7	1	1	1	1	1	439.321152939058
CEBPB	1	543.318578835279	1	160.725502660183	1	145.16329205656
CERS2	200.085025972745	1	1	389.500428756086	1	679.665403059986
CES1	1	1	1	149.482571819433	1	1
CES2	1	1	1	237.089199630174	1	1
CETP	1	1	608.684718475479	1	1	1
CFH	392.462172136087	1	1	1226.43785383091	1	198.791749767583
CFHR3	1	1	1	269.802474233993	1	1
CFI	1	1	1	454.725535020034	1	222.700486312426
CFL2	1	1	1	105.054067083693	1	1
CHCHD10	1	306.418247946418	1	483.595138903468	1	366.26550005309
CHD4	217.553177264956	1	1	1	230.43891517683	193.894361833144
CHMP2A	249.471627123599	1	1	98.5225931383568	1	278.403250999355
CHMP4B	1	1	1	1	1	204.785866845413
CHP1	1	1	1	188.880010662384	1	305.637955040748
CHPT1	1	1	1	123.682393461882	1	1
CHST12	1070.99259980773	1	731.775681133818	205.224813645638	1	1
CIB1	1	1	1	114.602953420525	1	209.191585858116
CIDEB	1	1	1	331.972216096391	1	1
CISD3	1	1	1	98.9210137122849	1	1
CITED4	1	1	1	1	1	264.960635805011
CLCN3	1	1	1	1	1	150.318496847627
CLDN1	1	1	1	368.542029244608	1	684.100731907571
CLDN10	1	1	1	1	1	585.071228812814
CLDN3	1	1	1	1	1	409.505852768018
CLDN4	1	1	1	1	1	275.653733434551
CLDN5	888.10969859799	1	475.37692819565	1	432.59517323768	1
CLEC14A	755.352792475379	1	1	1	1442.46363716816	1
CLEC1B	1	1	1891.72761816293	1	1	1
CLEC2B	1	1	387.635066453925	1	282.275861142463	1
CLEC4G	1	1	3179.16586672838	1	1	1
CLEC4M	1	1	1632.87032595629	1	1	1
CLIC4	530.074914851098	1	1	1	193.370357216569	1
CLINT1	1	1	1	1	1	187.156781602986
CLK1	242.91483073485	1	1	1	260.750486422538	1
CLSTN1	1	1	1	1	1	182.578902663462
CLU	543.156347510786	1	1	2392.5181019949	1780.43249948526	1244.33137292831
CMBL	1	1	1	387.790249860786	1	1
CMC1	1	1	1	83.6792587897975	1	1
CMIP	374.555740565593	1	1	1	257.936648634725	1
CMPK1	1	1	1	190.6241526684	1	264.90080982532
CMTM6	184.020528702691	323.641653809736	1	103.47154600786	1	1
CNDP2	1	1	1	134.554927229596	1	1
CNIH1	1	1	1	110.845016049941	1	1
CNN2	1	259.55506459569	1	1	1	172.766877420774
CNN3	1	1	264.707437984956	1	205.161893302187	1
COBLL1	1	1	1	85.9249277957561	1	1
COL15A1	468.374780764036	1	1	1	1	1
COL18A1	439.3052701536	1	1	280.053030038271	1	1
COL1A1	1	2762.53318055019	1	1	1	1
COL1A2	1	2214.11594952564	1	1	1	1
COL3A1	1	2392.75126769794	1	1	1	1
COL4A1	1795.90479197791	668.780200466132	729.380586083949	1	344.780667342467	1
COL4A2	1489.31601542053	682.786102808822	560.489072307338	1	1	1
COMMD1	1	1	1	1	192.160851067286	154.515651022616
COMT	1	1	1	255.025844144302	1	188.509180990382
COPA	1	1	1	59.065018044468	1	210.762247242828
COPB2	1	1	1	1	1	135.490198059689
COPE	1	1	1	68.8625760046226	1	159.109957756214
COPS6	1	1	1	94.2427632615893	1	1
COPS9	225.665248482978	1	1	1	1	164.090692904246
COPZ1	1	1	1	70.0138718126426	1	183.459493160559
COTL1	1	563.248213412934	701.468261037944	1	1	1
COX16	1	1	1	110.805391360903	1	1
COX20	1	1	1	71.3685303304003	1	220.71723024678
COX5A	268.912109189112	1	1	185.161537369818	1	344.923287977538
COX7A2L	1	1	1	64.0118368190964	1	152.179921276017
COX7B	1	235.978520764085	1	258.77419221388	1	490.528573432673
CP	1	1	1	1153.38103479327	1	1
CPB2	1	1	1	546.765809799653	1	1
CPD	1	1	1	1	1	148.61445219601
CPE	1	1	1	1	645.166477843707	1
CPM	1	358.447010797301	1	1	1	1
CPN2	1	1	1	157.250811034958	1	1
CPNE1	1	1	1	1	1	198.926169637336
CPNE2	226.9277423183	1	221.998358370541	1	1	1
CPS1	1	1	1	884.684698336615	1	1
CPVL	1	588.147126168795	1	1	1	1
CREG1	1	477.101300326874	1	198.943175344762	1	165.546599544424
CRHBP	1	1	5051.54775094454	1	1014.9214369761	1
CRIM1	1	1	1	1	207.806911371019	1
CRIP1	676.792090029283	556.220239124257	1	1	1	226.485663981305
CRIP2	1704.65501423472	1	348.858789996179	1	812.862098581801	1
CRK	252.870575947867	1	290.049021329243	1	1	1
CRLS1	1	1	1	94.9666977342871	1	1
CRP	1	1	1	313.08850608323	1	1048.77982046877
CRTAP	263.291549820611	252.299949531822	1	1	301.242088789941	1
CRYL1	1	1	1	131.89146973896	1	1
CRYZ	1	1	1	133.682061741596	1	176.877096794513
CS	1	1	1	1	1	147.499919788788
CSF1R	1	483.208665688309	1	1	1	1
CSNK2B	220.65579689335	1	1	94.7655691579277	1	233.733409509504
CSRNP1	289.648441085339	1	1	1	278.469193157288	1
CST3	460.875602519031	4369.34486006154	663.450616569033	528.068492611229	499.957436588202	765.173525471904
CTAGE5	1	1	1	234.795494008315	1	189.903828076105
CTBP2	1	1	1	1	1	158.12461427927
CTGF	488.482135006406	615.337216516482	1	1	993.366770173084	291.144193758872
CTNNA1	621.642354039096	1	1	110.822474316647	342.554799501941	321.557685715812
CTNNAL1	1	1	1	1	339.781282160753	1
CTNNB1	471.964772169785	1	1	1	1	1
CTNND1	263.845436890383	1	1	82.4108294743814	255.142256695053	284.19727477926
CTSA	1	281.680632001752	343.05318452441	1	1	194.547971176593
CTSB	585.523440910909	3785.0196558149	1274.7734944592	509.322110761929	519.000700460497	555.448736070789
CTSC	1	568.468547728784	1	1	1	454.944800229798
CTSH	1	393.129492106787	1	103.708410414457	1	282.100911480974
CTSL	273.050172865442	495.757314896788	4088.32942909059	71.3154424343354	378.398543114109	1
CTSS	1	1423.6330794234	1	1	1	125.269887129321
CTTNBP2NL	236.12931052276	1	1	1	1	1
CUTA	1	1	1	82.9742999062464	1	194.733630050962
CXADR	1	1	1	110.188076053861	1	193.037739359451
CXCL1	1	1	1	1	1	325.008285292348
CXCL12	740.615795795032	494.467930102147	1	1	1	1
CXCL14	1	1	1	64.8553499615156	1	192.23762504199
CXCL16	1	427.315413080149	995.63637579605	1	1	1
CXCL2	1	1	1	240.361878927871	491.737531964223	251.982208428432
CXCL8	1	433.377670135647	1	1	1	496.001320613374
CXCR4	1	1194.26158449436	1	1	1	1
CXXC5	1	1	1	1	1	161.170813964563
CYB5A	1	1	1	1285.79367339688	1	200.920871337854
CYBA	1	784.533116166468	332.568219944334	1	1	323.200494635904
CYC1	1	1	1	107.521591489137	1	173.271527328245
CYCS	180.86206784613	243.820634611978	1	124.0499534096	1	334.468033961745
CYFIP1	169.210865953646	1	1	1	1	1
CYP1A2	1	1	1	130.710229292346	1	1
CYP27A1	1	1	1	232.112575048294	1	1
CYP2A6	1	1	1	403.349923234022	1	1
CYP2A7	1	1	1	270.069753077855	1	1
CYP2B6	1	1	1	238.786110953625	1	1
CYP2C18	1	1	1	102.476530196285	1	1
CYP2C8	1	1	1	1029.24100962464	1	1
CYP2C9	1	1	1	887.45637717273	1	1
CYP2D6	1	1	1	199.979611653703	1	1
CYP2E1	1	1	1	5997.47392643783	1	1
CYP2J2	1	1	1	89.5418268300801	1	1
CYP3A4	1	1	1	3324.6792232197	1	1
CYP3A5	1	1	1	314.803779326658	1	361.449579605084
CYP3A7.CYP3A51P	1	1	1	164.493931059793	1	1
CYP4A11	1	1	1	669.424484883381	1	1
CYP4A22	1	1	1	189.03164720898	1	1
CYP4F2	1	1	1	182.158163432265	1	1
CYP4F3	1	1	1	145.259193129561	1	1
CYP4V2	1	1	1	86.7876334920049	1	1
CYP51A1	1	1	1	186.57788869396	1	180.458630147159
CYP8B1	1	1	1	255.029315616629	1	1
CYR61	1215.06174360114	1	1	1	621.27215902984	377.500735237087
CYSTM1	1	1	1	112.077348705135	1	323.351205686883
CYYR1	387.175427507878	1	1	1	401.548474583823	1
DAO	1	1	1	101.448664620249	1	1
DAP	1	1	1	71.360990294136	1	190.038018688594
DCDC2	1	1	1	1	1	352.737905308098
DCN	1	1974.55849153597	1	1	1	1
DCTN2	1	1	1	1	1	134.506580389963
DCXR	1	1	1	1056.68405899133	1	1
DDIT4	481.771988142903	1	1	1	1	1
DDR1	1	1	1	1	1	236.343864404398
DDT	1	1	1	499.326021483978	1	144.285261221165
DDX1	1	1	1	1	1	139.778078103497
DDX18	1	1	1	1	1	131.286693440203
DDX21	479.608845330546	1	1	1	385.65125980649	188.373117764893
DDX24	365.367723309128	1	1	1	1	1
DDX3X	229.926731129008	1	1	1	170.323011308264	1
DDX46	252.878811463086	1	1	1	1	162.999989394763
DECR1	1	1	1	450.873588746586	1	218.023353218007
DEFB1	1	1	1	306.334987919574	1	2436.07255229043
DGAT2	1	1	1	173.291091741683	1	1
DHCR24	1	1	1	265.814353908424	1	1
DHFR	1	1	1	87.9543887941696	1	199.824432426698
DHRS1	1	1	1	94.6117857639768	1	1
DHRS3	239.858279957938	1	1	97.8106985852233	1	1
DHRS7	1	1	1	147.918753206754	1	334.178827247248
DHTKD1	1	1	1	137.921655793583	1	1
DIAPH1	197.490349480513	1	1	1	1	1
DIO1	1	1	1	92.7601627701152	1	1
DLC1	461.126628815308	1	526.765937386675	1	502.416231771252	1
DLGAP4	214.390068885362	1	1	1	1	1
DMGDH	1	1	1	87.1949996974546	1	1
DNAJB6	1	1	1	1	239.824042220382	1
DNAJC19	1	1	1	84.9062922779498	1	1
DNAJC3	1	1	1	1	1	144.364242010996
DNAJC8	1	1	1	1	213.951043965137	1
DNASE1	1	1	275.865665829702	214.602324404497	325.154353709168	222.833957785634
DNASE1L3	577.178791552628	1	10983.6434292781	1	1374.19835734805	1
DOCK6	337.613429701762	1	1	1	1	1
DOCK9	279.803363827853	1	1	1	1	1
DPYS	1	1	1	369.378822858688	1	1
DPYSL3	315.920757270323	1	1	1	236.855305396839	1
DSG2	1	1	1	1	1	270.282347611548
DSP	1	1	1	175.589936999674	1	515.663963652589
DST	245.536097422483	1	1	147.487036109896	1	421.930857853031
DUSP2	1	444.887155807031	1	1	1	1
DUSP23	1	1	1	73.2338669655245	1	142.429307476752
DUSP3	1	1	1	92.8349883135681	1	185.061844161081
DUSP5	1	1	452.068892268199	1	225.179305205765	1
DUSP6	687.160909316731	1	380.36490155671	1	521.31461300566	133.230298985223
DYNC1H1	302.141252627998	1	1	1	226.696354931169	163.228954787297
DYNC1I2	1	1	1	1	1	194.06355604702
DYNC1LI2	246.063165907618	1	1	1	1	144.750768251667
DYSF	217.480538356146	1	1	1	1	1
EBP	1	1	1	238.316226240397	1	1
EBPL	1	1	1	102.728575517051	1	1
ECE1	216.362245156119	1	1	1	1	1
ECHDC2	1	1	1	183.022283269293	1	1
ECHS1	1	1	1	799.62578925558	1	165.610942238634
ECI1	1	1	1	194.510570118982	1	191.244017840552
ECI2	1	1	1	278.914014964963	1	1
ECM1	1	1	357.601086655447	1	1	1
EDN1	1	1	1	1	418.316298751164	1
EDNRB	715.53823755023	1	1	1	390.872543699461	1
EFCAB14	391.895849488382	1	1	1	1	1
EFHD2	1	243.14943600728	1	1	1	1
EFNA1	334.588165809745	1	1	101.943187084094	1	266.714477684069
EFNB1	281.809877011528	1	1	1	238.197923049607	1
EFNB2	452.168138880408	1	279.287147544375	1	224.785870771714	1
EGFL7	872.708196917625	1	701.101474589158	1	498.187073015561	1
EHD3	1	1	531.313958539706	1	1	1
EHD4	278.276418153789	1	1	1	1	1
EHHADH	1	1	1	204.972988667685	1	1
EI24	1	1	1	190.149810746045	1	184.607748012423
EIF1AX	303.738286254231	1	1	131.752398998629	1	190.024821964549
EIF2AK1	1	1	1	86.933760123308	1	193.365023559828
EIF2S3	1	1	1	1	1	180.57809528628
EIF3B	1	1	1	1	1	137.578460957672
EIF3CL	1	1	1	1	1	164.946734874741
EIF3D	217.331064278504	1	1	1	265.630285901753	186.549255317474
EIF3G	1	1	1	1	1	170.861962363469
EIF3M	274.828692230344	1	1	100.036972074918	1	173.843802684864
EIF4EBP2	1	1	1	137.606807678814	1	164.039087405267
EIF4G1	200.096240250832	1	1	80.3633210056516	1	1
EIF4G3	1	1	1	1	262.824884287016	1
EIF4H	177.962868324039	1	1	90.4603582844741	1	180.427142727467
EIF5AL1	1	1	1	96.3546810985468	1	204.294908076699
ELF1	1	1	1	1	244.878369159816	1
ELF3	1	1	1	1	1	621.260873628383
ELK3	597.902520672884	1	320.749195739626	1	506.350645098685	1
ELOC	172.577032057773	1	1	74.2462388685022	266.738579633386	154.312430608867
EMC10	1	1	1	59.1792679114962	1	150.307522859064
EMC4	1	1	1	109.654634483761	1	213.609324706788
EMCN	1012.73073194258	1	1	1	507.533137932254	1
EML4	1	1	1	1	1	156.800042140292
EMP1	2332.42619799535	1	1	1	1987.94368413442	1
EMP2	258.188753568799	1	1	98.9932527943019	265.806867997666	1
ENG	1421.07857772101	493.092682067928	2952.86736259725	1	975.577866780465	1
ENTPD5	1	1	1	203.099413092379	1	1
EPAS1	1910.35787481452	1	958.994656868021	74.4120417261184	1580.09597080766	1
EPCAM	1	1	1	1	1	1189.25520584072
EPHB4	169.182196003154	1	1	1	251.730559181398	1
EPHX1	1	1	1	889.263291633373	1	1
EPHX2	1	1	1	120.259003230672	1	1
EPRS	1	1	1	1	1	162.976453189166
ERBB3	1	1	1	1	1	390.049651371058
ERG	483.638439423495	1	432.838058065959	1	305.138854972877	1
ERO1A	1	1	1	1	1	150.425768478923
ERP44	1	1	1	104.970362228371	1	1
ERRFI1	1	1	1	568.024993324775	1	377.862390234117
ESAM	974.365274542588	1	507.195175829148	1	444.145362745747	1
ESD	156.599443281152	1	1	182.463421390535	259.381742363334	160.725775209922
ETFB	1	1	1	336.278382156442	1	303.681156574064
ETNK2	1	1	1	112.537661910949	1	1
ETS1	834.935697655029	1	565.763863333542	1	614.137393712498	1
EVI2B	1	291.418561522684	1	1	1	1
EXOSC7	403.064984031433	1	573.868854429859	1	640.925522898236	1
EZR	1	285.70695574769	1	1	1	295.216829323867
F10	1	1	1	100.545400883312	1	1
F11R	1	1	1	54.9657545135452	1	245.291367084541
F12	1	1	1	255.599844527979	1	1
F2	1	1	1	708.238882823616	1	1
F2R	260.346710253446	1	880.466282307389	1	586.109728262159	1
F5	1	1	1	258.257894231574	1	255.54140299827
F7	1	1	1	96.8708011476888	1	1
F8	346.76762293068	1	1205.86993610977	1	818.56189100837	1
F9	1	1	1	200.693167774766	1	1
FABP1	1	1	1	3495.16999743938	1	396.824460122063
FAH	1	1	1	155.402227168366	1	1
FAM107A	1426.79049204239	1	1	1	1138.74766958217	1
FAM107B	1	1	1	91.4797966236104	1	219.123574441676
FAM120A	360.326387356627	1	1	64.0216156054521	1	155.874143404463
FAM13A	1	1	1	104.486029876739	1	1
FAM162A	1	1	1	198.286324716742	1	1
FAM171A1	1	1	1	1	1	154.907438873131
FAM177A1	1	1	1	1	1	174.203962780847
FAM198B	202.166826434931	1	1	1	1	1
FAM210B	1	1	1	106.016852319489	1	1
FAM213A	1	1	370.063359553767	187.225528085684	272.434801214007	1
FAM241A	255.58362922731	1	1	1	231.367859782239	176.529771096901
FAM49B	1	236.309032622348	1	1	1	1
FAM96A	1	1	1	165.516704112144	1	1
FARP1	1	1	1	1	1	190.167166582438
FASN	1	1	1	99.1631779858812	1	1
FAT1	1	1	1	1	1	168.392885183126
FBL	208.966758408618	1	1	51.732181330416	253.045990537842	218.921375599539
FBLN2	1	1	1	1	275.932744873499	1
FBP1	1	1	1	404.613452185244	1	1
FCER1G	1	962.582386317118	1	1	1	1
FCGR2A	1	434.619145587198	1	1	1	1
FCGR2B	1	1	1153.90476698949	1	1	1
FCGR3A	1	865.816209762372	1	1	1	1
FCN2	1	1	2718.9364379314	1	1	1
FCN3	333.623944410314	1	10692.2146637854	1	1147.35146177998	1
FDFT1	1	1	1	90.5927345859123	1	1
FDPS	166.110844730111	1	1	223.61858864334	1	143.226010651267
FDX1	1	1	1	88.8460451158336	1	1
FERMT2	293.089167880409	1	1	74.6859738682007	1	1
FETUB	1	1	1	129.55752255868	1	1
FGA	1	1	1	5093.0294260531	1	247.578831473094
FGB	1	1	1	8146.6831002857	1	1
FGFR1	1	1	378.815767739389	1	1	1
FGFR2	1	1	1	1	1	304.912495308765
FGG	1	1	362.326100570446	7706.76794681457	1	659.957649777178
FGL1	1	1	1	1028.45275374834	1	1
FGL2	1	468.231491605752	1	1	1	1
FH	1	1	1	138.426645933411	1	1
FHL1	1	1	294.51868498119	1	1	1
FILIP1	213.072578753344	1	1	1	224.832359295461	1
FILIP1L	168.066890571457	288.20821709487	1	1	1	1
FIS1	218.793833443741	1	1	101.327756771836	1	1
FKBP1C	547.146474554706	1	292.67007219614	1	534.787135516817	1
FKBP2	1	1	1	185.719489091245	1	245.133400149656
FLNA	202.604343270152	360.530631334095	1	1	1	172.044594596568
FLNB	305.408263691084	1	1	1	433.246788800831	181.898612429521
FLOT1	273.932298981785	1	1	1	274.222900205107	180.719236070322
FLRT2	1	1	1	1	227.210859545946	1
FLT1	1704.89358129903	1	1266.05241856817	1	735.278134501024	1
FLT4	1	1	236.434536068551	1	1	1
FMO3	1	1	1	432.525415447566	1	1
FMO5	1	1	1	289.001761435112	1	1
FN1	502.283970531085	1810.89668670713	1	1052.58281586637	433.351784699762	368.388556442921
FOSL2	324.771271082155	1	1	1	203.975859529822	1
FOXC1	1	1	1	1	286.154819633085	1
FOXO1	1	1	1	102.826970201685	260.270131057196	1
FSCN1	266.305489541633	1	292.058128190376	1	1	1
FSTL1	202.070000106662	1	1	1	231.934206462749	1
FTCD	1	1	1	305.756628520819	1	1
FTL	1636.94405200866	21526.3206600797	5715.33079782936	6335.54354444966	2670.43087905297	1974.37271878423
FUOM	1	1	1	143.745939195711	1	1
FURIN	1	1	1	93.2503358850305	1	1
FUS	1	1	268.832193127572	1	241.718719003846	230.844591557188
FXYD1	1	1	1	129.706809841594	1	1
FXYD2	1	1	1	1	1	1943.44494828177
FXYD3	1	1	1	1	1	530.659168662074
FXYD6.FXYD2	302.84481403704	1	803.941551058963	1	285.38683379512	1
FYB1	1	498.694020329987	1	1	1	1
FZD4	223.282160006392	1	680.82374552245	1	297.170804601126	1
G6PC	1	1	1	438.942399185063	1	1
GABARAPL1	1	1	1	92.2991700828822	1	1
GABARAPL2	193.672337836798	1	1	1	1	127.726297193206
GADD45A	289.298922980938	1	1	153.063201191554	258.130652825288	1
GAMT	1	1	1	198.074087019144	1	1
GAS6	377.934358839801	1	1	1	221.02050768706	1
GATM	1	1	1	893.335870160672	1	214.229047317391
GBP4	1	1	673.353776700367	1	302.444042905823	1
GC	1	1	1	4167.15108633495	1	799.731867975796
GCC2	1	1	1	1	1	212.232714141104
GDF15	1	1	1	1	1	589.568147601389
GGH	1	1	1	128.978187196835	1	1
GGNBP2	1	1	1	1	1	185.306586634676
GHITM	1	1	1	232.495839585358	1	213.861918533043
GIMAP1.GIMAP5	231.974687579683	1	352.588302042244	1	1	1
GIMAP4	338.042292576931	1	643.336930756103	1	404.112681937692	1
GIMAP7	443.179585718012	1	502.243977162604	1	549.476064243674	1
GIMAP8	319.271801051194	1	394.296015651574	1	305.653405769067	1
GJA1	382.61511516214	1	1	1	1	1
GJA4	527.728982363942	1	344.575189259485	1	1	1
GLIPR1	1	260.395098859933	1	1	1	1
GLO1	1	1	385.857885222615	154.864235370095	1	168.811909025356
GLRX	1	1	1	89.0195975858594	1	1
GLRX5	1	1	1	100.226554967104	1	1
GLUD1	1	1	1	335.820151195796	1	1
GLYAT	1	1	1	262.809275354091	1	1
GLYATL1	1	1	1	262.177479833663	1	1
GM2A	1	265.760460107802	1	1	1	1
GMFG	208.34399030173	291.905389356049	574.96454804261	1	1	1
GMNN	1	1	1	1	1	290.808595500187
GNB2	259.035122144931	1	307.065513422897	1	1	150.195834813859
GNG11	1157.75887716111	1	1265.79106028691	1	1051.28992605618	1
GNG12	1	1	1	1	1	134.441628820102
GNMT	1	1	1	208.107322706999	1	1
GNPTG	1	1	1	124.658212424111	1	160.771135429995
GNS	230.675719831612	248.399186564005	239.231289159241	1	1	1
GOLGA4	1	1	414.158994516714	135.825967342348	293.432491286962	220.250179078065
GOLGB1	256.779039033859	1	474.430124634248	1	363.07813077587	267.411987110186
GOLM1	1	1	1	1	1	200.281659857613
GOLPH3	1	1	1	1	1	143.994445943756
GOT1	1	1	1	169.05973635412	1	1
GOT2	1	1	1	214.563552983846	1	1
GPAM	1	1	1	85.0803305944047	1	1
GPI	1	1	1	86.0850050482283	1	218.530752279651
GPNMB	1	567.600017240044	1	1	1	1
GPR182	1	1	256.733114830925	1	1	1
GPR183	1	327.286126370654	1	1	1	1
GPSM3	449.609304914626	1	310.712109356849	1	1	1
GPX1	384.408599703653	1732.31555470546	984.947263620837	254.632337673316	362.274185676527	258.598877552007
GPX2	1	1	1	1	1	188.257354850772
GPX3	262.534139923744	1	514.636559088628	103.194537241408	773.274870223275	1
GRASP	427.168959635706	1	370.286538813491	1	267.960116276211	1
GRB10	507.18621905608	1	1	1	1	1
GRB2	1	304.46709862534	1	1	1	1
GRHPR	1	1	1	568.877994515493	1	1
GRINA	1	362.648609949735	1	153.070655233766	1	155.186883204072
GRN	213.186635872056	903.57063630607	442.042480751066	1	387.258723096085	211.594894427271
GSN	1325.83235277825	443.542277844444	1	1	516.077854507045	1
GSPT1	1	1	1	101.515063218302	234.496437781919	203.372441805077
GSTA1	1	1	1	2117.52247313098	1	1
GSTA2	1	1	1	990.016963354361	1	1
GSTK1	1	1	1	238.073934569896	1	258.830754510338
GSTM2	1	1	1	351.342251090604	1	1
GSTM4	1	1	1	520.445858924932	1	1
GSTP1	330.508557547128	544.83987976064	1	1	417.24282128114	457.926951669295
GSTZ1	1	1	1	103.910393569459	1	1
GTF3A	1	1	1	104.065825506453	1	1
GUCD1	1	1	1	97.647817308834	1	1
GXYLT2	1	413.873422728811	1	1	1	1
GYPC	1	1	207.44356055624	1	1	1
H1F0	1	1	1	1	1	210.255684264547
H1FX	237.007438620201	1	1	100.752289704398	1	172.151013938206
H2AFJ	1	1	1	1	1	148.546406366814
H2AFV	1	1	1	96.0381346690968	1	165.280826546409
H2AFY	175.90981849818	462.213446606786	1	124.621887512521	226.185852585582	311.528016293527
H3F3C	243.627932396803	1	1	1	247.490255210321	199.121081408652
HAAO	1	1	1	162.899924851625	1	1
HABP2	1	1	1	375.355640172874	1	304.694694721794
HACD3	1	1	1	85.1963341323106	1	164.253116564986
HADH	1	1	1	146.156994833466	1	1
HADHA	222.843405729743	1	1	170.830977443312	277.414790345668	238.17532007484
HADHB	1	1	1	251.6754854122	1	166.041080922563
HAGH	1	1	1	219.044732373653	1	1
HAMP	1	1	1	244.617918940344	1	1
HAO1	1	1	1	229.424376359833	1	1
HAO2	1	1	1	142.246868803788	1	1
HBEGF	367.802181400281	285.08428666523	1	1	280.181415476956	1
HCLS1	1	403.236476741571	1	1	1	1
HDGF	247.285783287404	1	1	245.670086154935	1	456.615595840956
HDGFL3	1	1	1	1	276.724816011572	1
HEBP2	1	1	1	163.828576525811	1	216.7803146815
HECTD1	222.41459421551	1	1	1	1	1
HECW2	234.802131818244	1	273.066222546779	1	1	1
HEG1	604.366789129332	1	1	1	440.467458443786	1
HERPUD1	293.498089988539	848.235248892387	1	117.739432011583	1	201.051049934123
HES1	538.563080948921	1	521.863047067941	1	302.13256340818	196.635653892051
HEXB	1	255.41260680178	263.9713713682	69.9696186438772	1	1
HEY1	228.678485448044	1	1	1	1	1
HFE2	1	1	1	134.018822971224	1	1
HGD	1	1	1	158.340744067509	1	1
HIBADH	1	1	1	114.449782111264	1	1
HIF1A	212.156655643776	251.328755778721	343.660027996792	1	330.961743175863	1
HINT2	1	1	1	120.945622327908	1	1
HIPK2	1	1	473.042436783001	1	1	1
HIST1H1C	1	1	1	1	1	526.737770523771
HIST1H2AC	1	1	1	1	1	199.320832391281
HIST1H4C	286.021628845718	424.45784579605	1	174.808706024329	1	448.602162161389
HIST2H2AA3	1	1	1	1	1	198.359020156303
HIST2H2AA4	1	1	1	1	1	280.701580829675
HLA.DMB	1	500.620901423243	1	1	1	1
HLA.DPA1	289.005333796888	4785.72649152897	457.004534427016	1	431.772681999219	1
HLA.DPB1	276.199737702285	3573.67543247329	284.49491179001	1	233.249765225173	1
HLA.DQA1	1	1655.97856039272	1	1	1	1
HLA.DQA2	1	355.631660655788	1	1	1	1
HLA.DQB1	1	1796.24617843114	1	1	1	1
HLA.DRA	401.836336047168	6047.80437419585	525.142702853219	1	490.870753672234	188.604125321767
HLA.DRB1	604.439688640894	5524.50423543017	829.143218115943	1	724.994990192755	1
HLA.DRB5	1	901.492983964505	1	1	1	1
HLA.E	3852.12264116716	2131.94396017552	6840.01742751815	191.364737226095	4324.47409955886	437.995074756122
HLA.F	398.555337749541	252.417818801871	432.460352468103	1	191.616742726664	1
HLF	1	1	1	152.229627477268	1	1
HM13	1	1	1	74.3952127337109	1	197.093007960021
HMGCL	1	1	1	135.434063957342	1	1
HMGCS1	1	1	1	133.319483771387	1	1
HMGCS2	1	1	1	1135.85499677606	1	1
HMGN1	266.38197380668	243.196627276623	1	80.5249257466292	1	359.611648013724
HMGN3	1	1	1	122.602020182212	247.314249287439	251.356782690179
HMOX1	1	445.111775633423	1	1	1	1
HNF1B	1	1	1	1	1	142.957311135417
HNMT	1	1	1	131.607808457356	1	178.202610725671
HNRNPH1	189.42452569296	1	1	1	1	1
HNRNPH3	332.93213904015	1	1	1	1	1
HNRNPM	257.249268169615	1	1	82.7134003799418	293.025346472417	183.745378405319
HNRNPUL1	198.972902493742	257.240765251126	1	1	1	196.72114551166
HNRNPUL2.BSCL2	1	1	1	1	1	141.330931233166
HOOK2	1	1	1	282.878786340538	1	299.741831622421
HP	296.723356958813	1	790.304306110143	19966.0828592568	344.321381244866	1
HP1BP3	195.507377962211	1	1	1	229.614803067898	178.11587070505
HPD	1	1	1	786.342121244372	1	1
HPGD	1	1	1	116.585356214599	1	1
HPN	1	1	1	255.217171180398	1	1
HPR	1	1	1	2603.33847599748	1	1
HPX	1	1	1	1859.91345931883	1	1
HRG	1	1	1	1926.42494822852	1	1
HSBP1	245.751095789352	1	1	97.5899754773847	212.979049428889	230.212926617997
HSD11B1	1	1	1	443.200937470682	1	1
HSD17B13	1	1	1	443.591994278703	1	1
HSD17B2	1	1	1	103.444640982951	1	151.181589418278
HSD17B4	1	1	1	191.663211118477	1	1
HSD17B6	1	1	1	544.532926720585	1	1
HSDL2	1	1	1	108.284461912091	1	1
HSPA1B	448.444557183279	661.316751664172	1	1	1	322.352461798515
HSPA4	1	1	1	1	1	157.793243525011
HSPA9	1	1	1	186.227997716202	1	214.253567474704
HSPG2	1528.4128721764	1	777.796353530673	1	1021.13985753117	1
HSPH1	395.078992914457	459.151562300982	1	1	1	217.563133095157
HTRA1	611.196273201386	1	1	1	1	1
HUWE1	1	1	1	1	1	170.811522263946
HYAL2	1051.09106832276	1	1078.53227985148	1	747.821293476317	1
ICAM2	681.38283315358	1	276.514580480689	1	1	1
ID1	1607.09423404735	1	746.151234150507	1	1315.91145420129	320.016990059422
ID3	1283.73472323842	357.831612281484	844.463227732785	1	1100.09035305998	1
IDI1	1	1	1	123.497193562401	1	1
IER3	1	781.000584049904	1	1	1	798.515569035219
IER5	1	352.519424852795	1	1	1	1
IFI27	1890.42791014713	1	2089.30730580291	70.0658895846256	1527.68290102547	1
IFI44L	1	1	1	1	239.472378812095	1
IFI6	251.577721907886	1	1	1	1	1
IFNGR1	308.888368035318	355.385188733568	1	1	1	1
IFNGR2	1	290.590998511887	1	1	1	135.420036225476
IGF1	1	1	1	91.2403287705202	1	1
IGF2	1331.62895327733	1	1	896.099255068073	1	1
IGFBP1	1	1	1	1098.59087652472	1	1
IGFBP2	1	1	1	122.30219290197	1	1
IGFBP3	855.684560308495	1	1	1	363.443241059604	1
IGFBP4	1001.04094188829	1	1396.86708712644	420.10853661093	1068.74102139075	1
IGFBP5	693.420671554455	1	1	1	1	1
IGFBP7	4632.24923613304	3818.04765857684	2405.11193803209	1	4566.46567931083	1
IGSF6	1	331.221401970061	1	1	1	1
IL13RA1	1	1	1	75.1927399380712	1	161.68950951011
IL13RA2	1	1	287.937470291249	1	1	1
IL1B	1	584.578887716223	1	1	1	1
IL1R1	1	1	568.836282756098	1	406.762329240655	1
IL1RAP	1	1	1	95.1359773219989	1	1
IL32	704.71413169998	1	1	331.508388231583	1	481.931672452012
IL33	304.876177443007	1	948.372140397596	1	1172.35144504992	1
IL6ST	732.856601028126	1	1541.0760918807	179.192552690489	916.268407436131	225.704026695908
ILF2	1	1	1	1	1	143.047911896765
ILF3	1	1	1	1	1	182.937119183115
ILK	219.75209802616	1	1	1	1	1
INMT	1	1	308.160144833941	1	1	1
INPP1	211.019838768588	1	1	1	256.583148130509	1
INSIG1	1	1	1	636.05173970616	1	1
IPO11	220.909621512035	1	1	1	233.970981473496	1
IQGAP2	1	1	1	197.606580610821	1	1
IRF2BP2	394.837522452909	1	1	112.360562306951	433.483991547029	278.527887301796
IRS2	1	1	1	103.82104123902	1	1
ISCU	1	1	1	96.742966090829	1	154.229795825326
ITGA1	301.175593396456	1	269.986459953551	67.4393714773278	1	1
ITGA5	732.532922441958	1	1	1	344.16909072993	1
ITGA6	471.784155612045	1	1	1	1	151.495164777856
ITGA9	1	1	280.017590824299	1	1	1
ITGB2	1	583.399334824801	1	1	1	1
ITGB4	1	1	1	1	1	156.269637534347
ITGB5	1	1	1	1	1	225.445992862167
ITIH1	1	1	1	610.277595949041	1	1
ITIH2	1	1	1	1032.40420550364	1	533.842735599669
ITIH3	1	1	1	355.444942423889	1	1
ITIH4	1	1	1	549.541100381189	1	1
ITIH5	1	1	1	1	1	188.542686043679
ITM2A	220.36105832867	1	1	1	261.524011995836	1
ITPRIP	302.345598936123	1	512.734056842698	1	476.791956286071	1
ITSN2	231.139382844764	1	1	1	1	1
IVD	1	1	1	142.778594136533	1	1
IVNS1ABP	313.879487484346	1	1	1	1	198.449146365918
JAG1	516.145395325599	1	1	1	1	1
JAG2	232.878441793542	1	1	1	1	1
JAM2	403.372020371029	1	1	1	373.086682008356	1
JCAD	380.570481840993	1	1	1	1	1
JMJD1C	445.14532353445	1	379.787661763982	1	542.384276676413	1
JTB	1	1	1	160.92784834898	208.993019682387	315.411913121008
JUP	262.237868619168	1	1	1	1	265.221359754155
KANK3	210.012060097722	1	1	1	1	1
KARS	1	1	1	1	1	141.334115102201
KBTBD2	1	1	1	1	201.434699156351	1
KCTD12	420.236324969231	316.04227636804	1	1	283.801721650199	1
KDELR1	1	1	1	51.9949374361055	1	259.018095009953
KDM5B	1	1	1	1	1	154.951281371233
KDR	731.430027536233	1	853.291340880573	1	1	1
KHK	1	1	1	158.985536644856	1	1
KIAA0355	334.764154113148	1	1	1	261.197642183963	1
KIAA1522	1	1	1	1	1	156.759486186739
KIAA1671	245.398059024787	1	1	1	1	1
KIF5B	159.525299000755	1	288.837153964006	1	264.031610427922	288.232424420517
KLC1	228.551922031635	1	1	1	1	1
KLF15	813.246835388291	747.503523769122	1	231.096783409334	1	311.146865059619
KLF2	1646.52298980865	1	364.214543299799	1	625.261292008575	1
KLF3	1	1	1	1	1	159.789751868313
KLF4	1048.41845222475	418.844892124851	263.065696474624	1	452.06682075195	1
KLF5	1	1	1	1	1	395.607139092669
KLF7	1	1	305.531547282211	1	1	1
KLF9	506.662324166786	1	371.718829911561	119.634738132227	482.055520002039	1
KLHDC2	1	1	1	89.6438727656082	1	1
KLHL20	1	1	1	1	202.477618979069	156.463964329951
KLKB1	1	1	1	96.7993649237432	1	1
KMT2E	243.824985678981	1	1	1	1	239.413084886601
KNG1	1	1	1	1906.5585683135	1	1
KPNA2	290.688496518682	1	1	1	1	1
KRT10	1	1	1	83.7562258940363	1	150.200090766365
KRT18	1	1	1	422.67148041616	1	2673.21805704709
KRT19	1	1	1	1	1	897.093356127011
KRT7	1	1	1	1	1	1046.96548021955
KRT8	1	1	1	296.632711552093	1	1726.7417825775
LAD1	1	1	1	1	1	284.156057568352
LAMA4	439.44223467447	1	1	1	1	1
LAMB1	838.764448405481	1	1	1	1	1
LAMB2	153.933055276986	1	1	1	226.304673453705	1
LAMC1	250.492249787503	1	1	1	1	1
LAMP2	1	1	1	229.859765151626	1	340.684164582753
LAMTOR5	1	1	1	69.3184131203677	1	217.406305570236
LAP3	330.534001935017	1	1	84.5064832962953	289.730934354675	1
LAPTM5	308.839671474736	2041.13795991529	366.352279432822	1	1	1
LARP1	1	1	1	1	1	132.399990428804
LASP1	196.137286352034	1	1	1	1	252.390501452984
LBP	1	1	1	185.389061044896	1	1
LCAT	1	1	1	117.814152664017	1	1
LCP1	1	911.961606965075	1	1	1	1
LCP2	1	337.707704075219	1	1	1	1
LDB2	392.248536834837	1	687.623173526867	1	969.351780294358	1
LDHB	253.929175637154	288.170947247535	1	1	268.129869164527	1
LDLR	309.23390047301	1	1	92.8839515890082	278.176819957225	188.617620556165
LEAP2	1	1	1	377.659046878484	1	1
LECT2	1	1	1	291.233319476898	1	1
LEPROT	270.990281376546	1	414.493250790007	1	376.660856648692	190.456822807862
LGALS1	481.737246537564	1484.74528659482	1	1	1	217.392116749024
LGALS3	314.884106376429	571.99607735408	1	1	1	1445.67566530592
LGALS3BP	1	275.228633733801	384.655649707325	107.949397347621	1	404.131106313401
LGALS4	1	1	1	86.5684065479418	1	931.048583192445
LGALS9	1	300.330257969435	1	1	1	1
LGMN	1	526.41998842646	947.572108867449	1	1	1
LIFR	1	1	921.217651012621	1	553.634362162996	1
LIMA1	226.050785504673	1	290.521806492527	1	233.708270289767	1
LIMCH1	391.644715992671	1	517.964742326552	1	346.852636757932	1
LIMS1	1	361.924040742408	1	1	1	1
LIMS2	410.864697977756	1	264.507534589036	1	337.089947897997	1
LIPA	1	534.544710251642	1	1	1	1
LIPC	1	1	1	130.841804819951	1	1
LLGL2	1	1	1	1	1	228.317044536323
LMAN1	1	1	1	179.897892617401	1	1
LMAN2	1	1	1	96.165339901013	1	170.392531835133
LMCD1	400.188766922768	1	1	1	1	1
LMNA	1330.07208607443	322.318789115767	1	1	1020.17769286538	311.157282131647
LMO2	668.729227455374	1	1	1	481.140639023696	1
LMO7	1	1	1	1	1	177.127937012214
LPIN2	1	1	1	139.645506568692	1	1
LPP	251.599500369416	1	1	85.8302366884972	1	169.703016688234
LRP1	1	325.949477362806	1	112.306634953431	1	1
LRP10	1	1	1	1	1	271.288718172046
LRRC32	308.021661004931	1	1	1	294.172937531987	1
LRRC8A	381.534127232429	1	251.92245347229	1	1	1
LRRC8C	216.421490695004	1	1	1	1	1
LRRFIP2	1	1	304.285119530572	1	1	1
LSM14A	225.490198035952	1	1	1	1	158.287667403394
LSM4	1	1	1	1	1	163.177936970464
LSP1	1	274.913658844224	1	1	1	1
LSR	1	1	1	119.573350244494	1	295.213186114498
LST1	1	440.688280298554	1	1	1	1
LTA4H	1	1	1	1	239.290444507743	1
LTBP4	1	1	1	1	412.247601077772	1
LUC7L3	298.353809064219	1	1	1	210.870382713598	397.921702169164
LUM	1	794.213842222652	1	1	1	1
LY6E	1	1	1	151.484471505211	1	1
LYN	1	296.123138899212	1	1	1	1
LYVE1	1	1	1997.17152778914	1	1	1
LYZ	1	1999.78318248462	1	1	1	1
MAF	1	1	838.143947570529	1	1	1
MAFB	1	594.47879820852	1	1	1	1
MAGED2	367.852514199295	1	1	1	1	1
MAL2	1	1	1	1	1	248.292102804328
MALL	302.156131853445	1	1	1	1	1
MAMDC2	232.192645383118	1	1	72.3838840624459	260.923344912921	231.358632563697
MAN1A1	1	1	1	93.2382128258355	1	1
MAN2A1	1	1	1	1	1	177.369831735232
MAOA	1	1	1	128.748722051144	1	1
MAP1B	270.738225271591	1	1	1	1	1
MAP1LC3B	267.239121928854	1	1	1	1	147.08006791384
MAP3K11	210.509979720303	1	1	1	1	1
MAP4	402.33037122462	1	1	1	285.690434935041	1
MAP4K4	349.279131992248	1	1	1	1	1
MARC2	1	1	1	127.15057693446	1	1
MARCKSL1	367.058191526417	1	1051.37721641725	1	356.391170132933	239.47741451475
MARCO	1	845.690575631706	1	1	1	1
MASP1	1	1	410.978407176525	50.2276297541899	1	1
MASP2	1	1	1	248.50963026894	1	1
MAT1A	1	1	1	731.306405535894	1	1
MATN2	1	1	1	1	326.582271364548	1
MATR3	347.80802190253	1	1	1	249.680692529776	210.475982076039
MBNL1	182.559022655607	287.780031041375	1	1	267.457569048062	1
MCAM	528.555414935292	1	389.997464049882	1	288.691206296224	1
MDH1	1	1	1	133.1199791332	1	218.204648986186
MDH2	1	1	1	176.61616649649	1	261.119071348396
MEF2A	197.429836672495	1	1	1	1	1
MEF2C	226.331443764733	1	253.286747219872	1	228.44840125046	1
METAP2	1	1	1	98.4457785999759	1	158.172731797878
METRNL	1	267.122900563789	1	1	1	1
METTL7A	1	1	1	380.647061954043	1	171.213365774034
MFSD1	1	285.253937567131	1	1	1	1
MGAT1	290.330419773575	336.290142543055	442.297278378339	1	234.837512081052	1
MGLL	1	1	1	1	1	162.899961462584
MGMT	1	1	1	108.988546484247	1	1
MGP	3335.82871070785	2172.8880659877	1	1	3973.40399005197	1
MGST1	1	1	1	1520.83281354451	1	1
MIDN	345.366698976342	1	1	1	342.809934557523	1
MKKS	1	1	1	1	1	219.464464472171
MKNK2	1	1	277.08551349186	1	317.78679133414	1
MMAB	1	1	1	97.0183920273615	1	1
MMADHC	1	1	1	110.86908921748	1	1
MMP2	478.955528826975	1	1	1	1	1
MMP24OS	1	1	1	1	1	144.518175225735
MMRN1	1	1	491.888834616594	1	324.620399395742	1
MMRN2	606.33388302349	1	323.100119238531	1	613.909758723072	1
MOB1A	1	299.751985005612	1	1	1	1
MORF4L2	213.283488393186	1	1	118.692450526907	1	260.789369439136
MPC1	1	1	1	260.68157076219	1	1
MPC2	1	1	1	409.738195347573	1	508.631316209143
MPEG1	1	493.107926775716	1	1	1	1
MPHOSPH8	1	1	1	1	1	200.618696950979
MRC1	1	1	1856.62887893464	1	315.761196982264	1
MRO	1	1	300.900515183348	1	1	1
MRPL13	1	1	1	1	1	136.359330789237
MRPL14	1	1	1	99.2229431431797	1	1
MRPL17	196.114197492951	1	1	1	1	1
MRPL33	340.415358254879	1	1	125.197634838038	236.321328934151	144.219653035953
MRPL34	1	1	1	161.954167560912	1	1
MRPL37	1	1	1	87.5997089919674	1	1
MRPL40	1	1	1	91.5187472082004	1	1
MRPL51	1	1	1	134.533252836002	1	164.174126157436
MRPL53	1	1	1	76.8691073962273	1	158.609170224646
MRPS21	1	1	1	75.9938152192105	1	217.937309722261
MS4A6A	1	900.63894745121	1872.97765136934	1	1	1
MS4A6E	1	889.916427516485	1	1	1	1
MSMO1	1	1	1	257.391891443152	1	1
MST1	1	1	1	114.065827542165	1	1
MT.ND6	1	1	437.489505520859	76.9335121816619	1	241.497972327716
MT1A	1	1	1	104.944881210804	1	1
MT1E	1	1	1	1899.80513860746	320.35978151089	1
MT1F	1	1	1	468.832739984508	1	1
MT1G	1	1	1	1820.00360084307	1	1
MT1H	1	1	1	406.739584704997	1	1
MT1M	1	1	1	339.500964460249	1	1
MT1X	1	1	1	1501.14847924346	1	1
MTCH2	1	1	1	142.938673785293	1	1
MTHFD1	1	1	1	237.811023917439	1	1
MTHFS	1	1	1	238.253851620173	1	1
MTPN	205.009895873185	1	1	1	1	144.724677197953
MTRNR2L6	1	1	1	68.0669843353949	1	150.528864088643
MTTP	1	1	1	138.58958581814	1	1
MTUS1	425.50871604752	1	1	89.7113384962386	1	1
MUT	1	1	1	150.563199897664	1	1
MVP	1	1	1	1	1	241.288806787151
MXD4	1	1	288.699713194988	1	1	1
MYC	303.797776083596	1	1	1	572.52061237776	1
MYCT1	332.216117697926	1	499.42331827111	1	446.147541881097	1
MYDGF	1	1	1	78.4017587204254	1	236.065918520108
MYH14	1	1	1	1	1	182.943757376065
MYL9	241.129188131488	815.997186741132	1	1	1	1
MYO10	253.145304090895	1	567.94777811796	64.6814319921081	247.979685993876	238.362105894342
MYO1B	1	1	1	194.77039489318	1	1
MYO1C	323.788819350355	1	372.441714365724	1	267.478591749644	244.568246449443
MYO6	1	1	1	1	1	232.712644660177
MZT2A	1	1	1	124.64133647618	1	260.849753894621
N4BP2L2	269.356364806741	1	1	1	1	214.453519723844
NAA38	280.785490186149	1	1	92.7633232610288	1	148.37150364105
NADK2	1	1	1	230.550488638073	1	1
NAMPT	1	445.127193108255	347.680517925128	146.328830391976	321.147740763835	1
NASP	1	1	1	1	293.11018681888	1
NAV1	216.563214151346	1	1	1	1	1
NAXE	1	1	1	75.2033266295586	1	165.399501004411
NBPF14	1	1	1	1	1	208.190946830158
NBPF19	1	1	1	1	1	201.195641049531
NCK2	1	1	1	1	1	145.794372502369
NCKAP1	211.757413379633	1	1	1	1	150.569866104676
NCOA4	194.299277747637	388.313410237657	1	212.148544715302	1	239.658676436514
NCOA7	1	1	1	1	312.855610955459	1
NCOR1	1	1	1	111.902767702858	1	1
NDFIP1	1	1	1	174.06823193172	210.197234643408	265.79305788694
NDRG1	707.124828521271	1	1	1	637.317727494291	256.921527955278
NDRG2	1	1	1	91.9166727995456	1	1
NDUFA12	189.785431412689	1	1	95.1123727605026	1	219.572489403022
NDUFA13	1	249.814823587782	1	165.83649761597	1	401.0712881481
NDUFA2	1	1	1	156.576225204045	1	236.55401898227
NDUFA3	1	1	1	126.681231034812	1	207.490091863996
NDUFA5	1	1	1	91.1157966661171	1	145.713120289564
NDUFA6	1	1	1	153.748626523435	1	212.05970932059
NDUFA9	1	1	1	86.0990203440554	1	1
NDUFAB1	184.788945719823	1	1	145.109244714153	1	211.72719108407
NDUFB1	1	1	1	148.284336515391	1	155.357050813569
NDUFB10	219.040223372259	1	1	162.139348674493	1	215.172433470302
NDUFB11	1	1	1	152.95679911527	1	247.827369866905
NDUFB3	1	1	1	127.578859066652	1	259.888298925446
NDUFB5	1	1	1	82.7275529156212	1	161.665311234675
NDUFB6	1	1	1	105.584094299918	1	197.977853834864
NDUFB7	238.391403359218	1	1	169.465828168095	1	292.617657532768
NDUFB9	216.616342393383	1	1	244.938374378695	1	374.204500269307
NDUFC2.KCTD14	148.618958324002	1	1	232.111431428271	267.54705011621	254.222121803378
NDUFS1	1	1	1	135.528678633913	1	168.701561540621
NDUFS2	1	1	1	97.9656656570764	1	164.203274048261
NDUFS3	1	1	1	111.461901093668	1	177.953823676133
NDUFS4	1	1	1	131.771167641451	1	228.305303491438
NDUFS6	1	1	1	138.051283024451	1	231.400101191334
NDUFS8	1	1	1	66.9049914552909	1	140.861653343167
NDUFV2	1	1	1	256.593947814751	1	249.415930810591
NECTIN2	278.401444474796	1	295.68622404216	1	1	1
NEDD9	783.292040879775	1	320.206830079096	1	510.575632178317	1
NES	439.527430335936	1	1	1	1	1
NET1	1	1	1	126.610966511586	1	1
NFE2L1	1	1	237.003742325058	1	250.563768205875	1
NFIA	1	1	347.43793925416	113.686243271319	366.315404015119	1
NFIC	288.814501284967	1	1	149.9648361474	1	288.796899363723
NID1	348.055861714404	1	782.262880717659	1	1	1
NIPBL	279.916262827231	1	1	1	1	184.636068986799
NIT2	1	1	1	143.708018385767	1	1
NKTR	248.521097179688	1	1	1	1	1
NNMT	1	1	1	841.301615366133	372.434415617534	1
NOL7	1	1	1	1	1	177.835778807237
NOP56	220.703159865288	1	1	1	1	173.621360889307
NOP58	1	1	1	1	1	156.665808137442
NOSTRIN	1	1	570.276094501001	1	404.087908791687	1
NOTCH2	1	1	1	1	1	148.80120099276
NPC2	1	1150.00320914599	552.849901807843	93.6342346646526	342.793391651528	1
NPIPA2	191.004707288284	1	1	1	1	1
NPIPB12	363.659684517581	1	1	1	1	439.420989562303
NPIPB13	230.886275574284	1	1	1	1	413.75257042816
NPIPB5	500.491782430852	1	1	1	1	557.610979744566
NPTN	185.794230864749	1	1	1	1	1
NR0B2	1	1	1	172.280120804	1	1
NR2F1	1	1	422.589740246213	1	1	1
NR2F2	1	1	477.553589852322	1	587.624622014834	262.780289953288
NR4A1	537.123773942311	478.466322278865	1	1	550.080731036307	1
NR4A2	1	623.541688581998	1	1	1	1
NR4A3	1	303.215039314994	1	1	1	1
NR5A2	1	1	289.478624113371	1	1	1
NRN1	1	1	1	1	217.773125536737	1
NRP1	335.82127678777	1	708.810202791669	1	320.670516011578	1
NRP2	259.519453734636	1	550.848344806015	1	1	1
NSMAF	1	1	1	83.2248636739115	1	162.800339927687
NTHL1	1	1	1	104.535776780669	1	1
NTN4	1	1	620.63305328538	1	231.14554142027	1
NUCB1	256.535653436638	1	289.414469614711	91.034246979885	230.623887332576	1
NUCB2	234.34906491625	1	421.097150399108	70.6774200935361	351.453579848836	130.282951764526
NUDT3	215.163018450408	1	1	1	233.341734640629	1
NUDT4	219.255045236179	1	1	1	1	147.894028691417
NUPR1	1	1	1	122.519860047218	1	1
OAF	1	1	1	200.144821690606	1	1
OAZ2	273.373243752211	1	1	1	221.302837268484	1
OCIAD1	251.016448441135	1	1	127.392518130995	1	210.681534894392
OCIAD2	1	1	1	202.763893418341	1	324.579015486111
ODC1	1	1	1	1	1	178.449426251883
OIT3	1	1	3642.65443053454	1	1	1
OPA3	242.706427750449	1	1	1	1	1
OPTN	1	1	1	81.1519231197898	1	157.371099030269
ORM1	1	1	238.854130124825	9903.83703501829	1	1
ORM2	1	1	1	2042.59379439362	1	1
ORMDL3	1	1	1	125.859767407932	1	1
OSTC	1	1	1	138.32493890605	1	161.253150471162
OXA1L	1	1	1	69.1989622795851	1	148.558156965349
PA2G4	226.803172243614	1	1	1	266.880145730628	172.092434959087
PABPC4	1	250.242730924708	1	1	1	1
PAFAH1B2	1	1	1	1	189.80687429094	1
PAH	1	1	1	582.162309311978	1	1
PAIP1	1	1	1	76.7294334891707	1	162.003426719142
PAIP2	218.879422134324	1	1	68.7419366273278	214.014487408896	1
PAK2	281.417012946956	1	1	1	196.974270450881	1
PALM	1	1	1	1	192.819065310295	1
PALM2.AKAP2	530.611861942819	1	509.944905749772	1	665.817695000722	1
PALMD	693.13753703813	1	1	1	330.572406604785	1
PAM	1	1	1	1	289.831287298553	1
PARK7	204.233417624661	282.796591563575	1	159.551621718923	1	182.609813812595
PARP14	290.758462774741	1	399.778634455411	1	1	1
PARP4	1	1	267.398557284473	1	1	1
PAWR	1	1	1	1	1	146.191084991557
PBLD	1	1	1	200.520102213758	1	1
PCBD1	1	1	1	322.211485710514	1	1
PCBP4	1	1	1	125.256939761315	1	1
PCCB	1	1	1	92.2983460056627	1	1
PCDH11X	1	1	1	112.413061975502	1	718.346658268572
PCDH11Y	1	1	1	1	1	277.399964732706
PCDH12	235.455713441569	1	1	1	1	1
PCDH17	526.982563576555	1	1	1	1	1
PCGF2	160.96853960412	1	1	1	1	1
PCK1	1	1	1	968.016674709346	1	1
PCK2	1	1	1	381.365753690635	1	1
PCM1	230.822758990138	1	1	1	267.486873248007	149.431346988348
PCNP	1	1	1	1	1	154.743444513731
PCSK6	1	1	1	86.6287344542941	1	1
PCYOX1	1	1	1	115.295193690875	1	1
PDCD4	1	1	1	1	270.78935643789	1
PDCD5	160.970551192435	1	1	96.617587102875	1	206.698969722106
PDE2A	1	1	664.355615148681	1	219.070078535346	1
PDGFB	254.16980101261	1	1	1	1	1
PDHA1	1	1	1	90.2435917806546	1	1
PDIA4	1	1	1	148.098221148733	1	169.97863977848
PDK4	269.092365581814	639.888327096491	1270.29517419219	387.593251777787	936.945284447296	1
PDLIM1	989.302930212795	1	1071.46588291632	114.57264637013	1255.89536590302	346.830590317375
PDLIM5	287.345316438263	1	1	113.748553102887	373.942032466426	167.982279635562
PDZK1IP1	1	1	1	1	1	418.933827141208
PECAM1	2232.85192183068	249.52121479728	481.877013417973	1	1513.63553774621	1
PECR	1	1	1	146.75176465304	1	1
PEMT	1	1	1	91.4962377987499	1	1
PEPD	1	1	1	92.8175134184026	1	1
PERP	1	1	1	173.827354304571	1	745.331211820961
PET100	1	1	1	99.2149748158555	1	230.265144679393
PEX11A	1	1	1	79.6879728915486	1	252.285440029105
PFKFB3	1	1	1	1	1	161.018360434514
PGLYRP2	1	1	1	204.703174938605	1	1
PGM1	1	1	1	221.590766078891	1	1
PGRMC1	1	1	1	544.918534286776	1	207.594039472987
PGRMC2	1	1	1	120.794530915054	1	1
PHACTR2	1	1	614.972284776517	1	1	1
PHB	1	1	1	105.965086368899	1	184.733472254344
PHB2	249.473265376012	1	1	151.811396473766	1	171.265863741222
PHC2	1	252.670865130533	322.188198357391	1	1	145.386639395466
PHF3	1	1	1	1	1	186.781112354644
PHGDH	1	1	1	120.455103008416	1	1
PHGR1	1	1	1	1	1	421.260261350203
PHIP	1	1	1	1	1	172.671444672703
PHLDA1	1	320.530438434923	1	1	1	1
PHPT1	1	1	1	1	1	165.967061366376
PHYH	1	1	1	341.469210079573	1	1
PICALM	558.335441922865	326.701115396609	1	1	326.11299357242	1
PIK3C2A	447.106493889094	1	1	1	1	1
PIK3R1	1	1	1	86.0551975008994	1	1
PIK3R3	345.399087334068	1	1	1	1	1
PIM3	1	1	347.833441849095	1	226.614975214024	1
PINK1	252.67950447625	1	1	84.9262394087381	1	1
PIPOX	1	1	1	242.996435783208	1	1
PKIG	312.432937810871	1	1	1	1	1
PKM	388.656861068076	641.700061595211	1	1	327.499329219044	539.946673955927
PLA2G16	1	1	358.105729292343	113.582737248759	214.011997514758	1
PLAC8	1	1	457.619743221313	1	1	1
PLAT	497.686777264416	1	1	1	1	1
PLAUR	1	356.814708427232	1	1	1	1
PLD3	1	551.917020711989	1	1	1	1
PLEC	606.835819164052	1	1	1	1	191.888328985266
PLEK	1	336.647867999078	1	1	1	1
PLG	1	1	1	384.110622251892	1	1
PLGLB2	1	1	1	282.479389970713	1	1
PLIN2	1	577.488721709206	466.044948886697	667.749333308133	1	1
PLK2	566.420644758381	1	259.206572058164	1	193.81870025285	1
PLOD1	254.113613981511	1	1	1	1	1
PLP2	1	1	1	1	1	243.994382853364
PLPP1	1889.88811903839	1	394.235766876683	1	1029.43054114634	1
PLPP2	1	1	1	1	1	211.489142893287
PLS3	362.911542937174	1	1	98.5884163852298	1	1
PLSCR1	1	1	1	1	241.420224970203	160.247543276712
PLTP	1	244.443832997744	911.938607810141	1	224.805048067441	1
PLVAP	2334.89858117784	1	1	1	658.76544247605	1
PLXDC2	1	350.905483770814	278.481186954447	1	1	1
PLXNB2	1	1	1	1	1	178.358578220838
PLXND1	293.767672963706	1	433.099407041464	1	1	1
PMEPA1	294.998330874489	1	1	1	1	378.749389442406
PNN	289.629929377289	1	1	1	277.596487659034	221.964170666225
PNP	737.454725355531	1	1	1	445.219283873252	1
PNPLA2	1	1	1	1	198.807719896454	1
PNPO	1	1	1	119.726178197168	1	1
PNRC2	229.176583003581	1	307.692190168806	1	211.431349149481	1
PODXL	1442.91494486388	1	1	1	1	1
POLD4	1	1	1	79.2987763021033	1	152.585624125329
POLDIP2	1	1	1	93.596418388143	1	1
POLR1D	1	1	1	1	1	162.327447460067
POLR2E	1	1	1	87.4034152560197	1	1
POLR2I	1	1	1	84.2348910076644	1	154.994451268305
PON1	1	1	1	383.883129355358	1	1
PON2	1	1	1	130.203350976491	1	290.36654180661
PON3	1	1	1	354.673442068851	1	1
POR	1	1	1	164.595480213252	1	1
PPA1	287.487903536267	1	1	130.548946294903	1	277.972644988074
PPARA	1	1	1	120.11230528232	1	1
PPCS	1	1	1	78.885159321965	1	1
PPFIBP1	1	1	710.145704979756	1	328.930460175552	1
PPIF	1	1	1	125.0286458359	1	1
PPIG	202.06316747343	1	1	80.1980807396592	254.800375091804	259.17908381584
PPM1G	1	278.067909294484	1	1	1	164.9020917281
PPP1CA	1	1	1	1	1	167.266745585732
PPP1CB	230.886598271355	278.903923721351	1	1	228.43055642459	210.818524908427
PPP1R11	1	1	1	1	1	156.755960798917
PPP1R12A	222.867330621704	1	1	1	1	1
PPP1R14B	1	1	1	1	1	199.409135233779
PPP1R18	204.206374469787	1	1	1	1	1
PPP1R1A	1	1	1	169.216459772075	1	1
PPP1R3B	1	1	1	129.265473577416	1	1
PPP2CB	1	1	1	71.9327468150786	231.210612371883	134.993824279047
PPP2R1A	1	1	1	1	1	151.083226645168
PPP4C	1	1	1	1	1	153.696812795697
PPT1	1	509.13458248919	1	1	1	1
PRCP	480.283989074576	1	1715.15227655143	1	632.135955096288	1
PRDX3	1	1	1	289.933557420488	1	162.573849574276
PRDX5	1	1	1	140.460262340558	1	322.752129969571
PRELID1	1	1	1	102.061471227906	1	202.758852668406
PREX1	284.747497503528	1	1	1	1	1
PRG4	1	1	1	268.555411918885	1	1
PRKCH	226.03508037144	1	1	1	282.36425451681	1
PRKCSH	1	1	1	1	1	127.232081575328
PROC	1	1	1	171.753530917585	1	1
PROS1	1	1	1	188.779153922599	246.255420881553	1
PROX1	1	1	1	89.962015225451	1	1
PRPF38B	1	1	1	1	1	187.933500491354
PRPF40A	159.146939548546	1	1	1	1	213.499049960352
PRPF8	186.504130656873	1	1	1	1	1
PRR13	1	1	1	84.0628603009014	1	194.253244831956
PRSS23	392.779245033048	1	543.964586385951	1	1407.37738550682	1
PRSS8	1	1	1	1	1	193.795488765839
PSAP	433.436427891957	3050.08952758777	921.118076647515	326.527383263353	773.726684996013	504.228466992783
PSAT1	1	1	1	107.104839370106	1	1
PSMA4	220.765599842162	1	1	90.2247884123198	255.482255864894	183.775172036748
PSMA5	1	1	1	94.0317819840488	1	1
PSMB6	240.61249197888	1	1	100.21089888714	1	174.555794244717
PSMB7	1	1	1	146.941335143037	1	199.943578031977
PSMC5	1	1	1	80.9271127845733	1	154.172799970368
PSMD7	1	1	1	1	1	150.164228335441
PSMD8	220.241580415946	1	1	106.103871991551	1	232.179859679795
PSME2	1	275.321550337825	1	113.649622939377	1	1
PTBP1	235.044813083511	1	321.565269775826	1	1	178.125044288462
PTCD1	1	298.071229326785	1	157.707732587701	1	379.984517917592
PTEN	1	349.655881564903	1	81.9449442152673	1	1
PTGR1	1	1	1	349.430327870876	1	1
PTMS	196.469419813899	1	1	254.433512457016	306.193798796086	1
PTP4A1	1	1	1	431.202321570213	1	549.209197073625
PTPN12	250.135274981263	1	1	1	205.644858441374	1
PTPRB	621.071185771553	1	1308.86819314323	1	1366.00522157398	1
PTPRC	1	422.725847447232	1	1	1	1
PTPRF	1	1	1	133.478659067762	1	399.651367902334
PTPRM	332.915253065411	1	1	1	1	1
PXDC1	237.957692558529	1	1	77.3482534973828	223.528233031924	1
PXDN	1	1	544.460148919325	1	1	1
PXMP2	1	1	1	249.373686170943	1	1
PYGO2	216.713998392002	1	319.035608861748	1	259.604171983694	144.414436883569
PYURF	245.736546272872	1	1	72.9166796046268	1	1
QDPR	1	1	1	125.686419282191	1	1
QKI	192.518373052392	232.614529094299	302.824439132309	1	262.642045090644	1
QPRT	1	1	1	135.193501301417	1	1
QSOX1	1	1	1	1	1	144.252821862819
RAB10	1	1	1	1	1	162.859044200756
RAB11A	425.227436657882	1	433.935710664759	1	464.660997407448	262.32814163612
RAB11FIP1	1	1	1	1	1	208.327874603
RAB13	369.209035207931	1	1	92.5211373954907	379.470923016121	163.33502653677
RAB14	165.093912441246	1	1	86.6823929882144	1	166.21352062616
RAB1A	269.714491229585	1	1	135.525946231571	1	192.55822631642
RAB25	1	1	1	1	1	177.325958228149
RAB31	1	626.676223093262	1	1	1	1
RAB3D	1	1	1	177.704019496679	1	292.124752993112
RAB4A	1	1	1	118.501326956412	1	1
RABAC1	207.009515278522	1	1	1	1	176.450135687144
RAD21	167.085397636917	1	1	1	1	160.60539493674
RAD23A	216.389244429824	1	1	78.2084351308878	1	207.318220065621
RAD23B	240.971770563984	1	1	111.334559991852	1	153.757648029491
RALA	180.723496890332	1	289.484043312699	1	1	1
RALB	264.014004920009	1	270.917668265751	1	253.180744041107	1
RALY	289.856891769993	1	1	1	1	162.46543905845
RAMP2	859.870140373053	1	310.137539558825	1	480.434518634988	1
RAMP3	1	1	430.824358970559	1	274.985103247192	1
RANBP2	210.876637744819	1	1	1	1	1
RAP1A	239.970352566384	252.325805868933	1	61.70373355528	1	1
RAP1B	306.185496241377	230.659644995911	1	1	213.187154870021	1
RAPGEF2	179.685345855858	1	1	1	1	1
RAPGEF5	226.421154686384	1	1	1	255.766776353024	1
RAPH1	1	1	1	1	233.900258194882	1
RARRES2	1	1	1	640.200527651489	1	220.231628332306
RASIP1	379.944767110692	1	313.11066356614	1	1	1
RBM17	292.388371937007	1	1	1	1	1
RBM25	213.197269584402	1	1	1	317.210103016711	219.415209979459
RBM47	1	1	1	1	1	142.967306239652
RBM8A	219.36306047508	1	1	1	1	124.666244165258
RBMS1	226.243892992659	1	375.828195660122	1	308.492951091476	1
RBMX	325.857556655661	1	1	1	1	160.091708830739
RBP1	1	1	408.688895451101	1	193.476414106847	1
RBP4	1	1	345.841410104599	8432.90265243898	1	1
RBP5	1	1	1	137.260146570384	1	1
RBP7	494.757911118747	1	1	1	1	1
RBPJ	1	248.870267011712	1	1	1	1
RBPMS	259.871462663428	1	1	1	1	223.06540115716
RCL1	1	1	1	99.3772028379811	1	1
RDH16	1	1	1	189.266204369545	1	1
RDX	719.048637197602	1	659.844058564495	61.9470956645725	563.944575855793	1
REEP6	1	1	1	269.647398281005	1	1
REL	1	351.996003642294	1	1	1	1
RELN	1	1	557.830669059986	1	1	1
RER1	1	1	1	102.982024512143	1	1
RFK	1	1	1	1	422.674298533051	1
RFLNB	1	1	493.258325972602	1	1	1
RFTN1	280.707663134542	1	1	1	1	1
RGCC	1379.48917584192	1	1	1	1	1
RGN	1	1	1	210.138641119541	1	1
RGS1	1	1959.77628450607	1	1	1	1
RGS10	1	301.99397262629	1	1	1	1
RGS2	1	1330.74581042712	1	1	1	217.720093798737
RGS3	448.715051978721	1	1	1	1	1
RGS4	1	1	1	1	1	272.384688959243
RGS5	1	908.61349840502	1	1	1	1
RIDA	1	1	1	748.164777348494	1	1
RIPOR1	415.718407195489	1	1	1	1	1
RNASE1	930.284623518368	1	942.695956536772	1	1644.91416631936	1
RNASE4	1	1	1	1300.28886747184	1	158.738736908872
RNASEK.C17orf49	221.895306004755	1	1	1	1	1
RND3	1	1	1	80.1346062261287	1	1
RNF130	1	442.037326725508	1	201.399235376557	1	182.718921756333
RNF145	252.986082569884	1	1	1	1	1
RNF181	1	1	1	121.36197887616	1	158.216548767195
RNF213	1	1	1	1	1	164.517889929007
RNF5	1	1	1	107.641561050764	1	199.213262546654
RNF7	1	1	1	88.9852883061514	1	157.271036032803
ROBO4	187.024570789044	1	558.869666820997	1	1	1
ROCK1	1	334.769204421802	1	1	1	1
ROCK2	416.868927844459	1	1	1	1	162.829636281939
ROMO1	227.53210072932	1	1	144.765581610261	1	463.320877291955
RPL22L1	1	1	1	1	1	200.49944063571
RPL7L1	1	1	1	68.3462910580727	216.26118104639	180.160184764549
RRBP1	1	1	387.790563506647	72.4802806463903	1	306.826632783326
RSL1D1	220.434073377202	246.454653996449	1	1	257.287820326388	218.337963618498
RSL24D1	1	1	1	1	1	137.50210460057
RSU1	190.233368146301	1	1	1	1	1
RTL8C	198.31834563739	1	1	1	1	1
RTN3	1	1	1	83.5903739187954	1	167.949197813504
RTRAF	200.740857721278	1	1	85.9220718314548	1	162.390834660641
RXRA	1	1	1	133.436370649495	1	1
S100A13	423.719301816759	1	1	1	254.115831287287	1
S100A14	1	1	1	1	1	345.230749553896
S100A4	1	740.782687435023	1	1	1	1
S100P	1	1	1	1	1	260.391335834036
S1PR1	764.862702327105	1	315.499851777655	1	409.495353997706	1
SAA1	1	1	1	439.442506264921	1	1
SAA2.SAA4	1	1	1	287.942561535912	1	1
SAA4	1	1	1	681.595246358171	1	1
SAMHD1	1	659.904050468395	309.459014959763	1	252.063085842752	1
SAR1A	227.635953058514	1	1	57.4698777473185	1	1
SAR1B	1	1	1	98.2227709389984	1	1
SASH1	283.725118171025	1	403.845915220571	1	297.921234670991	1
SAT2	1	1	1	215.099004324955	1	1
SC5D	1	1	1	122.982264987512	1	1
SCARB1	1	1	1	105.527494333295	1	1
SCCPDH	1	1	1	162.811624293863	1	1
SCD	1	1	1	591.716479147241	1	1
SCD5	1	1	1	1	1	163.731156843495
SCO2	1	341.235424360197	1	1	1	1
SCP2	1	1	1	608.865652286541	1	303.653174779912
SDC1	1	1	1	162.414760269533	1	298.487959311086
SDC2	1	1	1	241.440440667719	1	1
SDC4	1	1	1	136.852891567599	1	412.148249083279
SDHB	1	1	1	291.334361519684	1	162.395646789019
SDS	1	1	1	328.137401988175	1	1
SEC11C	1	1	1	155.897186044563	1	1
SEC14L1	625.486407129492	1	857.213229925612	1	766.067620792328	1
SEC14L2	1	1	1	102.655630043381	1	1
SEC31A	243.363100416997	1	1	69.0612223039281	296.434530558183	233.138917533648
SEC61G	306.434770639825	1	1	99.0150596182091	1	277.715305880468
SEL1L3	1	1	1	1	1	125.210403944985
SELENBP1	1	1	1	194.392857800183	1	275.15622511404
SELENOF	237.082342154999	1	1	91.5606707999563	211.273882264511	200.6313182954
SELENOK	1	235.172110801689	1	91.5345996049844	1	1
SELENOM	269.013852606945	1	1	1	1	1
SELENON	238.328494890022	1	1	1	186.466807005747	1
SELENOP	322.992235061275	528.52066037074	2435.76554608939	2127.41736697356	505.957224866437	289.02572779178
SELENOS	1	1	1	70.7165061694309	1	160.628827932847
SEM1	1	1	1	195.991241542652	274.118283870677	333.92006049247
SEMA6A	1	1	606.247942450342	1	191.331426759484	1
SEPHS2	1	1	1	334.864342147792	1	265.374903123832
SERINC1	391.612027638329	1	401.99682978353	61.5996006514791	342.597588971861	1
SERINC2	1	1	1	123.871944359221	1	321.368718797697
SERP1	1	347.333772083569	1	160.292068788711	210.342613328248	207.283702263096
SERPINA10	1	1	1	138.57584920991	1	1
SERPINA11	1	1	1	271.776974753518	1	1
SERPINA4	1	1	1	113.19280279289	1	1
SERPINA5	1	1	1	333.057693601906	1	1
SERPINA6	1	1	1	359.319527780178	1	1
SERPINA7	1	1	1	165.449038429305	1	1
SERPINB1	1	1	1	1	295.195922802561	212.294492405578
SERPINB6	390.134082553297	1	356.05291929933	1	317.616827655356	1
SERPINC1	1	1	1	2162.44300119432	1	1
SERPIND1	1	1	1	449.674437040406	1	1
SERPINE1	519.458977391677	1	1	1	1	1
SERPINE2	254.441807070293	1	1	1	1	1
SERPINF1	1	1	1	571.998526070854	1	1
SERPINF2	1	1	1	375.679895467013	1	1
SERPINH1	310.966941445525	1	349.811040749005	1	222.594933512029	1
SERTAD1	214.349488020711	1	1	1	1	1
SF3A3	219.398806257706	1	1	1	1	1
SF3B2	262.686803028001	1	1	99.8647833916961	1	193.233819310611
SF3B5	1	1	1	72.6332531303584	1	136.991615843474
SF3B6	226.858848516712	1	1	77.4086774144695	229.265678700516	181.208849642474
SFXN1	1	1	1	88.5231808254667	1	1
SGK1	740.613940100479	547.894009682615	964.729842938498	1	412.855926846057	1
SH2B3	284.725489183523	1	1	1	1	1
SH2D3C	208.515891477607	1	1	1	1	1
SH3BGRL	1	285.84644949987	1	1	1	1
SH3BP5	182.431462312411	1	608.767283495758	1	456.461658463175	1
SH3GLB1	313.014025210941	1	317.723152545881	1	268.377740982618	1
SH3YL1	1	1	1	1	1	184.335937051086
SHANK3	442.135362939341	1	384.371227676468	1	1	1
SHE	214.810210356988	1	1	1	1	1
SHISA5	209.613401290794	1	1	1	222.144519085033	1
SHMT1	1	1	1	403.186278284117	1	1
SHMT2	1	1	1	106.910226454647	1	1
SHROOM3	1	1	1	1	1	142.178413337193
SLA	1	397.506630114581	1	1	1	1
SLC10A1	1	1	1	342.144001228843	1	1
SLC12A2	1	1	1	1	1	480.695396590794
SLC13A5	1	1	1	89.5005442472211	1	1
SLC22A1	1	1	1	508.659785131036	1	1
SLC22A7	1	1	1	96.5373432614424	1	1
SLC25A1	1	1	1	98.3081714903819	1	1
SLC25A13	1	1	1	88.3071161195219	1	1
SLC25A4	1	1	1	59.4728348411741	1	137.580152009565
SLC25A47	1	1	1	96.8244090547129	1	1
SLC26A3	1	1	1	1	1	533.35699182259
SLC27A2	1	1	1	217.535735506717	1	1
SLC27A3	1	1	268.852568730733	1	1	1
SLC27A5	1	1	1	273.130993335232	1	1
SLC2A2	1	1	1	356.808510449937	1	1
SLC2A3	432.817651993409	333.566536184338	1	1	1	1
SLC31A1	1	1	1	107.749132398451	1	1
SLC37A4	1	1	1	129.118140146704	1	1
SLC38A1	1	1	1	1	1	197.261366130445
SLC38A3	1	1	1	227.53946320164	1	1
SLC38A4	1	1	1	175.534730111914	1	1
SLC39A14	1	1	1	248.848612046863	1	1
SLC44A1	1	1	1	109.153177542297	1	169.526977757321
SLC44A2	329.0240813534	1	389.449693205674	1	310.84196117299	1
SLC4A4	1	1	1	1	1	224.17075375787
SLC51A	1	1	1	97.8557719171284	1	1
SLC7A2	1	1	1	117.77157015655	1	1
SLC7A8	1	1	241.734060885681	1	1	1
SLC9A3R1	1	1	1	145.738806631005	1	220.61918470526
SLC9A3R2	1029.30563856671	1	287.469567854466	75.9943462755475	398.109948338137	1
SLC9B2	1	1	1	101.398690565757	1	1
SLCO1B3	1	1	1	163.311618331457	1	1
SLCO2A1	258.077585730816	1	1	1	528.226753110538	1
SLFN5	213.252683256252	1	1	1	1	1
SLIRP	1	1	1	139.129390854086	1	211.491705429931
SLK	195.038769044217	1	1	1	226.438915527644	1
SLPI	1	1	1	1	1	536.242741701655
SLTM	1	1	1	1	1	177.080102698512
SMAP2	1	388.295553826416	1	1	1	1
SMARCA2	261.55469989711	1	1	1	1	1
SMARCA4	1	1	785.889093907743	698.459649061286	660.284936278412	185.620231461212
SMARCA5	1	1	1	1	1	167.487753891202
SMARCE1	335.247936007	1	1	1	210.189108704108	212.539018182064
SMDT1	1	1	1	91.6222030595287	1	1
SMG1	1	1	1	1	1	159.131206318113
SMIM14	1	1	1	188.424308989002	1	1
SMIM19	1	1	1	86.3197324106534	1	1
SMLR1	1	1	1	86.2293483143081	1	1
SNAI1	232.813887895533	1	1	1	1	1
SNRK	301.399439783015	1	259.33849511416	1	245.525895095534	1
SNRNP200	1	1	1	1	1	147.653821104637
SNRPB	295.823902298019	1	1	1	1	249.993013251065
SNRPB2	1	1	1	1	1	161.377873166136
SNRPC	1	1	1	1	1	130.298635974973
SNRPD3	1	1	1	97.3382334758624	1	187.55863257301
SNRPE	1	1	1	105.972752127156	1	202.18152833494
SNRPF	1	1	1	93.7602502429316	1	1
SNRPN	1	1	1	1	1	200.097154734449
SNU13	261.057458640029	1	1	85.5581705503316	256.069589679625	174.187829827529
SNX2	1	1	290.360804395445	1	1	1
SNX5	1	1	413.155623465431	1	1	1
SNX8	1	1	282.438996541686	1	1	1
SNX9	226.722955167884	1	1	1	1	1
SOCS2	1	1	351.54659156509	1	1	1
SOCS3	587.250193523374	1	275.456640569536	1	460.751523912207	1
SOD2	1	540.958332387405	1	442.750317144285	1	207.239020147498
SORBS2	1	1	1	150.502386538419	1	247.705496672746
SORD	1	1	1	196.892744683422	1	1
SOX17	415.962000719652	1	1	1	1	1
SOX18	1355.07314914323	1	1	1	294.586814736097	1
SOX4	289.084390839784	1	1	1	1	643.232665700938
SOX9	1	1	1	1	1	285.907210624988
SPAG9	205.09872503108	1	248.544630613826	1	1	1
SPARC	4723.28977479403	2635.96760076365	2561.31957070839	1	1501.00000307012	1
SPARCL1	2674.26816890364	1	1	1	1694.93898208599	1
SPATS2L	1	1	1	68.389805155185	1	350.805576045073
SPCS1	1	1	1	158.36861048911	1	191.832601916919
SPCS2	1	1	1	105.595710745028	1	187.423110551747
SPI1	1	305.126146265683	1	1	1	1
SPINK1	1	1	1	1	1	286.409986296448
SPINT1	1	1	1	1	1	239.649855511478
SPINT2	1	1	1	1	1	578.574280191438
SPP1	1	2359.79338388842	1	418.298556343321	1	8298.55333059153
SPP2	1	1	1	326.266330764851	1	1
SPRY1	1221.34123707731	1	1	1	750.886088237259	1
SPRY4	1	1	301.113560477536	1	1	1
SPSB3	1	1	1	88.9361618379959	1	1
SPTAN1	420.143144030075	1	1	1	257.580812829013	183.128803881606
SPTLC2	1	1	276.80916578686	1	242.33704091179	1
SRGN	1215.7129120119	2404.04390693134	798.015439009969	1	1105.88034244739	1
SRI	1	1	1	1	1	418.729549509219
SRP9	1	1	1	161.606379606379	1	332.088209619734
SRPRA	1	1	1	107.177818773929	1	1
SRPX	1	1	1	1	323.933030958103	1
SRSF11	263.282880623345	1	373.832005705215	1	279.543212443337	291.726082098545
SRSF4	1	1	417.959843058879	1	1	1
SRSF7	263.851708725827	1	1	1	240.200575315707	212.192012409682
SRSF9	194.524749267743	1	1	1	1	146.838556121314
SSB	333.257490193603	1	1	1	292.111736790103	230.241031281811
SSBP1	206.201720768942	1	1	115.697820780048	205.15337984499	212.325053610035
SSR3	1	269.711042775025	1	85.1652029444801	1	178.960435999205
SSU72	1	1	1	77.6873845202833	1	162.150532704841
ST14	1	1	1	1	1	182.035864524862
ST6GAL1	1	1	833.560794957705	246.737464486925	275.484135093463	1
STAB1	238.707372511118	1	2050.52509030903	1	1	1
STAB2	1	1	1261.37924119411	1	1	1
STAT1	1	1	1	1	1	180.345941424108
STAT3	273.839361939582	1	1	1	316.91734987659	1
STAU1	1	1	1	130.94339870934	1	193.812011686628
STC1	807.233818885708	1	1	1	490.862558446736	1
STK24	1	1	1	1	1	219.738175620084
STMN1	300.95976733141	1	1	1	1	1
STMP1	1	1	1	85.1340552029944	1	157.09049669921
SUCLG1	1	1	1	131.48095855612	1	188.599147689824
SUCLG2	1	1	1	113.02130008561	1	1
SUCNR1	1	1	1	1	1	161.645148876265
SULF2	378.36204300748	1	1	1	252.824318541568	1
SULT1A1	1	1	1	204.750666680349	1	176.521814467433
SULT2A1	1	1	1	1379.70312470386	1	1
SUMF2	1	1	1	1	1	184.829565633268
SUMO1	1	1	1	94.3320684544243	1	158.889897428073
SUN1	1	1	1	1	1	147.586178808996
SURF1	1	1	1	99.2957523268083	1	1
SWAP70	493.649228883793	1	1	1	1	1
SYAP1	1	1	290.517706974538	116.944629125443	1	185.674718690837
SYNE1	1	1	1	1	314.970078850873	1
SYNE2	366.203459649507	1	249.667713205455	1	348.261522644714	237.170847914082
SYNGR2	1	273.83279507807	1	1	1	268.567965135419
SYNPO	752.475480227163	1	1	1	422.179107297843	1
SYPL1	1	1	1	1	1	147.185075400954
TACSTD2	1	1	1	1	1	403.469166905048
TAF1D	1	1	1	1	1	172.411322549646
TAF7	1	1	1	1	1	177.844859311269
TAGLN	1	1292.81165847718	1	1	1	1
TAGLN2	562.667926048601	275.792281165244	1	1	483.134698230296	378.57864734682
TARS	1	1	1	1	1	154.576436102394
TAT	1	1	1	1352.23982667477	1	1
TAX1BP1	183.745035234637	1	1	105.781505673217	1	280.108982487302
TAX1BP3	1	1	1	1	1	162.745193593022
TBCA	1	1	1	203.713910910821	1	192.228155675925
TCEA3	1	1	1	150.933168302074	1	1
TCEAL4	265.742113247737	1	1	106.270913111556	1	149.746996769597
TCEAL9	1	1	1	1	242.161866725385	182.850260186419
TCF4	990.699802172141	264.77102537684	511.908527767039	1	673.472297242775	1
TCIM	197.923379264422	1	472.926790903626	1	1	1
TCP1	299.142276150047	1	1	68.6951732955527	1	145.903122717329
TDO2	1	1	1	723.473219841606	1	1
TEK	289.565413343411	1	1	1	1	1
TES	1	1	1	1	1	183.268043130319
TESC	1	1	1	1	1	229.922729942557
TF	1	1	1	6506.06730463671	1	1
TFF3	1	1	1	1	1	686.284754304316
TFG	1	1	1	91.9878169254435	1	160.121218023487
TFPI	1	1	1219.6151738035	191.884428309123	733.540945731458	1
TFPI2	1	1	538.081128580639	1	234.004943909573	1
TFR2	1	1	1	259.786717536426	1	1
TGFBI	1	833.844162135642	1	94.0586464473797	1	163.572304926106
TGFBR2	714.819277205834	1	952.317667652797	1	715.975108633812	1
TGFBR3	1	1	447.760631519975	1	542.685510161381	1
TGIF2.C20orf24	1	1	1	81.1592259707456	1	169.076576861238
TGM2	504.989904466029	1	663.083653766542	105.528858223405	1273.04190095112	1
THBD	877.607160966991	1	1	1	494.375058714844	1
THBS1	1	395.648813558662	1	95.122759151466	1	199.43060586285
THEMIS2	1	264.486835851976	1	1	1	1
THOC2	1	1	1	1	1	217.309048312274
THOC5	1	1	1	144.147184634208	1	1
THRSP	1	1	1	167.321272191494	1	1
TIE1	350.184916945784	1	1	1	292.441530329425	1
TIMM8B	1	1	1	87.4401753594043	1	156.965913671124
TIMP3	3489.95435504384	455.930399565261	1838.71004234046	1	1310.39206734859	1
TINAGL1	486.840831028449	1	695.758164098629	1	490.756997072718	1
TJP1	381.049279105433	1	1	1	1	1
TKFC	1	1	1	126.900052340775	1	1
TLN1	437.62044730365	520.771068140919	473.845631282601	1	441.141135444566	1
TM4SF1	3988.57598703939	1	1497.81471622558	189.520712130836	3886.98648610742	748.082423270237
TM4SF18	464.601057368643	1	405.472580718211	1	1	1
TM4SF4	1	1	1	861.324378827045	1	3297.12705977989
TM4SF5	1	1	1	88.9955723977311	1	1
TM7SF2	1	1	1	131.397959206359	1	1
TM7SF3	1	1	1	104.349656626053	1	188.111463719374
TM9SF2	189.836979137369	1	1	92.2711526172726	1	275.646189228578
TMBIM1	1	1	1	1	1	148.724737571193
TMC4	1	1	1	1	1	183.289634981705
TMCO1	1	1	1	100.562600439048	1	222.777298840735
TMED10	208.852364181289	234.290746252624	1	88.3448593011211	1	212.518890001895
TMED2	1	1	1	108.551450565463	1	220.053790806434
TMED4	1	1	1	64.4652417836553	1	162.623446625301
TMED9	1	1	1	1	1	174.586374385171
TMEM109	238.027897433417	1	1	1	262.038507999907	1
TMEM123	1	1	328.009784008562	161.069980200832	251.447534858655	267.286257136547
TMEM141	1	1	1	1	1	162.859094814002
TMEM147	1	1	1	1	1	151.255475189143
TMEM14B	1	1	1	104.855936186524	1	1
TMEM14C	1	1	1	125.422968112018	199.150685970047	249.938196846186
TMEM173	290.161057079691	1	1	1	1	1
TMEM176A	1	1	1	843.910357275275	1	224.945580916698
TMEM176B	1	1	1	1049.80850994984	1	287.180378048469
TMEM2	1	1	299.747761663814	1	1	1
TMEM204	240.907878300429	1	1	1	1	1
TMEM208	1	1	1	100.846186522978	1	1
TMEM219	1	1	1	107.897057277417	1	202.498228440216
TMEM230	1	1	1	114.72541217027	1	162.425215507321
TMEM238	1	1	1	1	1	155.509592581242
TMEM245	1	1	1	1	182.79228533461	1
TMEM248	1	1	1	1	1	130.98351092191
TMEM255B	249.711097235113	1	1	1	1	1
TMEM256.PLSCR3	1	1	1	157.014428430457	1	1
TMEM37	1	1	328.57657618814	79.8129665453154	1	1
TMEM56	1	1	1	189.740134301774	1	1
TMEM87A	1	1	1	1	1	145.072020129582
TMOD3	266.854441556597	1	1	1	233.223877566212	1
TMPRSS2	1	1	1	1	1	162.042532079491
TMTC1	317.20868282603	1	1	1	1	1
TMX2.CTNND1	1	1	1	137.089576285317	253.758476207722	250.719784739068
TMX4	1	1	1	84.0162996700501	1	1
TNFAIP1	1	1	1	1	225.994142272318	1
TNFAIP3	1	664.752705655152	283.099587976825	1	1	1
TNFRSF12A	1	1	1	1	1	445.77928787542
TNFRSF1A	262.708570350117	1	272.208598022978	68.1357410896847	382.379858179257	1
TNFRSF1B	1	398.988173202824	1	1	1	1
TOB1	1	1	1	125.124865495051	1	248.030262830018
TOMM20	1	1	1	108.555352435274	238.254542749732	275.140039846616
TOP1	1	289.894279519007	310.691022195224	1	232.681036653142	225.859704748451
TOR1AIP2	1	1	1	133.021468398164	1	252.461325097259
TP53I11	1	1	200.423052984801	1	1	1
TPM1	1	425.196185194692	1	159.474187772159	1	685.244440608285
TPM2	1	513.667219186568	1	1	1	1
TPP1	1	586.387612550551	295.030692778044	1	1	1
TPR	225.016458951614	1	327.194768292558	1	276.002798805056	220.475660206516
TRA2B	281.319831047634	1	1	1	1	179.496594642008
TRAPPC13	1	528.853808455829	1	369.705114046079	683.907258037579	703.917961772528
TRIB2	1	1	240.497865965277	1	1	1
TRIM28	1	1	1	1	1	159.658017831573
TRIM56	203.822122668847	1	1	1	1	1
TRIOBP	353.125972113068	1	234.343844827246	1	280.28934784517	1
TRIP12	1	1	1	1	1	130.90779235084
TRMT112	231.937548077573	1	1	103.27790343724	275.53000701901	177.464027984154
TSC22D3	719.192971034767	1026.07162069348	464.172316090042	133.222786317489	577.312741165043	1
TSKU	1	1	1	175.823643083594	1	1
TSPAN14	329.558678696364	1	398.261783191708	1	301.61878258361	1
TSPAN18	214.729270880125	1	310.902333851688	1	229.308610888113	1
TSPAN3	211.836196701415	1	1	1	204.908859815651	233.384070383834
TSPAN6	1	1	1	90.3142656736273	1	220.529720513469
TSPAN7	339.879662265069	1	1175.89453650707	1	840.041252181921	1
TSPAN8	1	1	1	1	1	338.132222459904
TSPO	182.670184725348	1	1	1	1	253.497614279789
TST	1	1	1	315.182445742889	1	171.529108636339
TTC39C	1	1	1	96.0896566250229	1	1
TTR	1	1	1	8423.97725869956	1	1
TUBA1C	281.609284302111	1	1	1	1	191.490554117777
TUBB4B	350.486539294192	1	1	1	327.89352269558	281.62883829077
TUBB6	321.290637987342	1	1	1	359.674453433144	1
TUFM	236.090364573302	1	1	144.748072942932	1	222.826941968494
TXN2	1	1	1	110.203053212994	1	1
TXNDC12	1	1	1	1	1	146.803449882382
TXNDC17	1	1	1	96.5513468205887	1	294.842653161514
TYROBP	1	2031.84712204746	1	1	1	1
U2AF1L5	201.014547705742	1	250.310188560796	1	273.120650309666	182.245041316402
U2SURP	1	1	1	1	1	150.592133137756
UACA	516.207897259524	1	272.068500121484	1	1	1
UBA1	201.575437675518	1	1	57.4540427136715	1	216.190458536992
UBALD2	1	1	1	1	1	139.493891536476
UBD	1	1	1	1	1	335.74351724488
UBE2B	1	1	1	87.5226055660988	1	199.366714737595
UBE2D2	337.231347117572	1	1	83.1396160087157	1	186.234331156248
UBE2I	1	1	230.046837118484	1	1	121.689325915609
UBE2J1	267.333201439831	1	1	1	1	1
UBE2L3	150.631673979566	1	1	1	1	216.849334004225
UBE2N	233.133540824096	1	1	1	1	1
UCP2	1	358.405166609505	1	1	1	1
UFC1	1	1	1	89.4817836117203	1	176.07931787247
UGCG	238.371729736921	1	411.397085663234	1	291.207522855897	1
UGP2	1	1	1	501.770348308761	1	144.893685007523
UGT1A8	1	1	1	666.812444602098	1	1
UGT2B10	1	1	1	361.240650785333	1	1
UGT2B15	1	1	1	507.019305330904	1	432.889471223493
UGT2B17	1	1	1	94.6355840343964	1	1
UGT2B4	1	1	1	588.628280082927	1	1
UGT2B7	1	1	1	665.363912318314	1	1
UPB1	1	1	1	162.023519291457	1	1
UPP1	227.864470469781	1	305.421714757267	1	1	1
UQCR10	1	1	1	169.246774953215	1	205.143435526658
UQCRC2	1	1	1	146.892197646888	1	238.974648394456
UQCRFS1	1	1	1	145.135285737911	1	209.768550166038
URGCP.MRPS24	1	1	1	138.488940655777	1	215.65296088367
USMG5	1	1	1	200.653388079727	1	375.047014927359
USP22	233.177114589668	1	1	1	1	1
USP7	1	1	1	1	1	158.001956149848
USP9X	1	1	1	79.2656151024742	1	175.814532670178
UTRN	860.134050374424	1	428.089499726244	1	580.194434712228	1
VAMP3	244.867510020911	1	1	1	231.839255802246	1
VAMP5	452.156621623134	1	472.855284756824	1	297.34999802042	1
VAMP8	1	351.763425915516	1	100.095086098051	1	310.958112380952
VASH1	240.020097511795	1	1	1	1	1
VASP	199.311925337873	1	1	1	1	157.347639130042
VAT1	276.746373419069	1	1	1	202.238794203218	1
VCAN	1	647.884034182874	1	1	1	1
VCP	187.669627267902	1	300.217231991487	93.1042537065106	270.950607584788	1
VDAC1	1	1	1	137.593518600168	1	314.094339826719
VDAC2	1	1	396.65847064404	67.2120818569265	246.713351624277	296.544721310689
VEGFA	1	1	1	1	1	244.602074255482
VEGFC	182.854308050513	1	1	1	1	1
VEZT	1	1	1	1	1	158.061089943807
VGLL4	186.513788587141	1	1	1	1	1
VIL1	1	1	1	1	1	215.445304026682
VIM	6944.12802164944	4129.03819046931	451.706086552217	220.386024346292	5392.54699196169	494.86318672967
VMP1	1	1	1	1	1	200.12241972731
VNN1	1	1	1	173.438125583872	1	1
VPS28	1	1	1	1	1	216.490872659574
VPS35	1	1	1	1	1	217.90474622203
VPS37B	223.345486610997	1	1	1	1	1
VSIG4	1	390.51788034351	1	1	1	1
VWA1	571.280303763882	1	1	1	1	1
VWF	1142.27257546009	1	1	1	1383.56181176429	1
WARS	432.121500460528	1	630.157043101023	1	486.234220082662	1
WASF2	298.663627101731	338.060449356314	384.760407614493	1	320.005203216285	1
WASL	1	1	1	1	1	171.00802942043
WNK1	371.47697212734	1	1	1	1	1
WSB1	244.749956588826	284.025645435677	1	1	336.510115226078	1
WWP1	1	1	1	64.9447418850329	1	150.650724420971
WWTR1	484.135079698849	1	257.055023777016	1	400.153653238629	202.272596926168
XAF1	1	1	507.928200401876	1	243.114983771501	1
XBP1	1	423.998457146379	1	351.998073960698	1	307.641456360094
YBX3	530.180546897721	272.608544248392	286.285504913825	1	682.72053488258	149.840117511392
YES1	1	1	299.640134650237	1	1	1
YIPF3	1	1	1	1	1	175.129281631214
YME1L1	1	1	1	1	1	176.757393849888
YY1	1	1	1	84.7024510134909	240.354143223929	1
ZBTB7A	1	1	1	1	1	185.181271921139
ZC3H11A	1	1	1	1	279.215155997337	196.912756469614
ZC3H15	1	1	1	1	1	149.139848184004
ZCRB1	1	1	1	142.597258841444	1	156.258305322668
ZEB1	397.806254972547	1	1	1	232.058784593054	1
ZEB2	1	323.533183667099	1	1	1	1
ZFHX3	1	239.530956733439	1	1	1	1
ZFP36L2	415.196139660543	819.053011451921	1	127.917685738671	257.526257614544	468.384994517093
ZGPAT	1	1	1	133.456124370722	1	1
ZKSCAN1	1	1	1	115.731077441521	1	294.259728081771
ZNF207	237.208429136264	1	1	1	1	170.10232718323
ZNF302	1	1	1	83.180047272633	1	149.105824957631
ZNF331	1	466.529422387205	1	1	1	1
ZNF419	1	1	1	241.255420265947	474.613253360238	290.634102911344
ZNF511.PRAP1	1	1	1	322.351169706179	1	1
ZNF706	1	1	1	75.8358550244918	1	182.249863613693
ZNHIT1	216.897535915869	1	1	126.101256912432	1	159.200771316149
ZYX	277.972215680709	432.908078842353	345.164682237884	1	224.14496376279	1
