NAME	Other	Kupffer cells	TM1	SAMs	T cells	cDC2	cDC1	B cells
A2M	1460.69521657427	462.95382824846	1	1007.66039277248	1	439.725347678388	1	1
AARS	1	1	1	1	1	1	1	129.00791360992
ABCA2	1	1	1	1	1	1	1	186.833176453959
ABHD2	1	1	1	1	1	1	190.981234578921	1
ABRACL	1	1	1	1	1	1	88.2340455028011	1
AC002094.3	902.923628315499	1	1	1	1	1	1	1
AC004691.2	629.647931783147	1	1	1	1	1	1	1
AC007192.1	1	2744.71482615954	4058.22410625454	3936.45212926174	1	2059.32705630778	197.047126287988	253.307692786252
AC008575.1	1	1	1	1	1	1	152.217350702756	1
AC009690.1	1	1	1	264.835765600705	1	1	1	1
AC009779.3	169.086052382512	1	243.126925548853	243.341894782837	1	1	156.257881420662	1
AC010132.3	242.721456252606	1	1	1	1	1	1	209.323283666359
AC010422.3	1	637.150375415819	250.608791250571	410.629998650715	1	337.131600067873	1	266.927459277983
AC010422.5	164.711098385858	1	1	1	1	1	1	1
AC024592.3	243.765768384285	1	1	1	1	1	151.580885373516	243.424687346965
AC036214.3	1	1	1	1	1	1	1	412.540325901936
AC068580.4	618.310636175231	2396.32301820969	733.340298159955	3210.20448305019	1	326.204323266058	1	1
AC073610.3	209.63738080643	1	1	1	380.8696619647	206.799056052043	183.865002984338	2385.9692321251
AC073896.1	184.167220221291	1	1	1	1	1	1	300.791256752773
AC078927.1	239.50414199239	226.652349770432	267.19730997596	219.361511117406	1	1	1	147.692069732887
AC091167.3	246.186506552305	1	1	1	1	1	1	1
AC097637.1	1	1	1	1	1	1	213.258753444759	1
AC104109.3	1	1	1	1	1	1	126.793531678564	1
AC104581.2	1	1	1	1	1	1	272.025086842132	1
AC119674.2	599.63407086352	1	1	1	1	1	1	1
AC120057.3	1	1	1	1	1	1	147.28703829259	181.92063426743
AC134669.2	1	1	1	1	1	187.424090930433	1	1
AC135050.2	205.759438187085	1	1	1	1	1	1	344.181626328863
AC138811.2	272.14237987776	297.447583239537	1	253.451217743753	1	1	1	1
ACAA2	220.259487175314	1	1	1	1	1	1	1
ACADVL	253.036912371566	1	1	1	1	1	199.561927919424	242.218063584584
ACSL1	1	306.16232698544	536.730340442888	383.10305967635	1	272.271598884119	1	1
ACTA2	1256.76653320631	1	1	1	1	1	1	1
ACTN1	298.499195645473	206.480492971169	1	1	1	1	1	1
ACTN4	502.851286740831	1	1	1	415.808943062279	1	1	1
ADA2	1	506.57372286418	356.998741359603	441.805430150237	1	268.7920158755	295.001312501702	346.748982645746
ADAM10	182.978808553087	1	1	1	1	1	1	319.635407455424
ADAM19	1	1	1	1	1	1	120.21277597355	1
ADAMTS1	470.728375825448	1	1	1	1	1	1	1
ADAP2	1	558.183646928932	1	291.061169787504	1	1	194.804048028467	1
ADD1	245.140143196319	1	1	1	1	1	1	1
ADD3	1	1	1	1	1	1	290.288139368795	1
ADGRE2	1	1	327.026960216918	1	1	1	1	1
ADGRE5	1	256.620617137828	362.213903728771	1	442.913631903777	1	1	1
ADH1B	864.582175425966	1	1	1	1	1	1	1
ADI1	225.567877664585	1	1	1	1	1	1	1
ADIPOR1	1	214.127564870375	1	1	1	1	1	1
ADIRF	518.508873711189	1	1	1	1	1	1	1
ADM	1	591.919571379899	1	240.294651412005	1	1	1	1
AEBP1	399.093722184368	1	1	1	1	1	1	1
AES	349.604124668797	250.134472134569	1	1	479.773494706486	250.215202869433	328.241434934666	1
AF241726.2	1	879.424845370326	735.021887370114	648.742805477178	1	411.667178053372	1	1
AFTPH	1	1	1	1	1	1	169.232595687112	1
AGPAT1	1	1	1	1	1	1	190.944468426531	1
AGT	517.854588892246	1	1	1	1	1	1	1
AHCYL1	240.3235033266	1	1	1	1	1	1	1
AHR	1	1	1	1	1	191.166073320093	1	1
AIDA	1	1	1	1	1	1	273.924644787922	1
AIF1	1	1753.73227255895	1597.31117220834	1277.17272949637	1	1222.62947209734	1008.60948261199	1
AK6	1	1	1	1	1	1	171.558530452784	1
AKAP12	487.943755859722	1	1	1	1	1	1	1
AKAP13	252.243849283998	409.969313307386	535.321377997726	464.05669102366	515.294804724697	547.984945344466	1	1
AKAP9	332.990287024086	1	1	1	1	1	245.593336100971	1
AKNA	1	1	1	1	470.618565481639	1	158.376227004017	1
AKR1A1	167.784782832368	1	1	272.439218537471	1	1	1	255.063536445533
AKR1B1	1	316.690033603947	1	392.017412504514	1	1	1	1
AKR1C1	400.223646475095	1	1	1	1	1	1	1
AKR1C2	307.09434222566	1	1	1	1	1	1	1
AKR1C3	214.537555309717	1	1	1	1	1	1	1
AL049839.2	384.775409919297	1	1	1	1	1	1	1
AL121594.3	198.090731536797	256.417916201277	1	219.957641182733	1	184.346652267271	1	1
AL121753.1	1	1	1	1	1	1	133.917684109579	1
AL133352.1	196.615548677723	1	1	1	1	1	92.4014358392031	213.36154164395
AL136531.2	430.955810759288	274.044272181628	372.193061568172	288.879641561752	1	257.697606799164	341.722399005973	1
AL159163.1	1	1468.4690638932	614.792280241889	857.598322249747	1	736.189223885166	966.352078057775	269.847975113817
AL365205.1	217.684724754876	1	1	1	1	148.261806370057	206.044511104956	267.812855614863
AL513165.2	1	1	1	1	1	1	1	213.77851609764
AL645922.1	384.641680142627	1	1	1	1	1	1	1
AL645941.2	1	721.064623437584	330.111896633892	823.723124272251	1	771.731681098339	580.869320877306	1
AL669918.1	1	1	1	1	1	1	154.8949866195	1
ALCAM	1	1	1	291.660461204076	1	215.731481156247	1	1
ALDH1A1	237.321738708905	1	1	1	1	1	1	1
ALDH2	331.257909884138	387.241500772522	267.238722140536	379.049007087272	1	504.263413522204	304.493819378381	1
ALDOB	1031.72562843868	1	1	1	1	1	1	1
ALG5	1	1	1	1	1	1	1	290.17450283036
ALOX5AP	1	1	268.316734800532	473.426738546346	406.951112837633	569.757228368494	1	1
AMBP	836.133919918517	1	1	1	1	1	1	1
ANAPC11	197.161269157702	1	1	1	1	1	1	241.413779144454
ANAPC16	201.865901469188	1	1	1	330.319135499748	1	1	1
ANKH	1	280.041043365921	1	1	1	1	1	1
ANKHD1	1	1	1	1	1	1	254.411263671416	1
ANP32A	1	1	1	1	1	1	200.236571200155	1
ANPEP	1	1	1	1	1	1	322.114100840052	1
ANXA1	310.709772122305	1	647.99464007032	532.559690632838	776.87839871182	467.57978534709	423.804833330982	1
ANXA11	242.48300859312	1	1	180.365845116677	1	212.736924071445	133.405211784361	1
ANXA2	1064.79603450109	247.386704570838	785.848155065418	1106.99053743801	1	535.787085721092	531.474882810724	285.34583286637
ANXA4	710.634220216644	1	1	1	1	1	1	1
AOAH	1	1	1	1	1	150.360746644351	1	1
AP1B1	1	1	1	286.765900727777	1	1	1	1
AP1S2	1	1	376.184826588561	1	1	319.798905499599	295.327760408644	1
AP2M1	275.674984706789	1	1	274.796986881837	1	1	1	1
AP2S1	179.578453471869	241.662555237577	1	302.079074152673	1	207.089880752883	284.4283495836	1
AP3D1	1	1	1	1	1	1	246.070921877508	1
APBB1IP	1	1	1	222.641091082015	1	1	1	1
APCS	409.721806354939	1	1	1	1	1	1	1
APEX1	162.180790818006	1	1	1	1	186.745574032723	1	1
APH1A	1	1	1	1	1	1	240.007764789686	1
APLP2	413.124114264107	464.627265589789	804.099947512405	705.051913869035	1	284.001655116351	1	1
APOA1	882.243247260432	1	1	1	1	1	1	1
APOA2	1817.67024850071	327.983312466488	1	1	1	1	1	1
APOB	377.836795745041	1	1	1	1	1	1	1
APOBEC3A	1	1	507.358543464946	1	1	1	1	1
APOBR	1	1	1	1	1	1	230.756859507675	1
APOC1	1329.30279830197	1533.97900403465	1	3494.25298689764	1	471.441960107766	1	1
APOC3	1406.93629882854	343.451620930309	1	1	1	1	1	1
APOC4.APOC2	719.211923231377	1	1	1	1	1	1	1
APOE	737.670163586023	5732.87665436636	466.058383212286	8624.20519744386	1	713.760421021272	1	1
APOH	1099.04512520086	1	1	1	1	1	1	1
APOL1	1	1	1	1	1	1	125.219610224977	1
APOL3	1	1	1	1	1	1	482.851939897643	1
APOL6	1	241.103446742858	1	1	1	1	1	1
APOLD1	357.678393672077	1	1	1	1	1	1	1
APOO	232.874200396836	1	1	242.929805095848	296.421658248856	253.164365978091	139.225946487155	212.388890142954
APP	474.384732907686	1	1	1	1	1	1	1
APRT	162.232893022072	1	1	1	1	1	223.014381060868	1
AQP3	1	1	1	1	1	1	1	197.110636131156
AQP9	1	1	348.363933734125	1	1	1	1	1
ARCN1	1	1	1	1	1	1	1	230.526607944986
AREG	1	1	1921.09528495204	1	547.760427626548	2133.22940200259	361.949165470569	486.555993287522
ARF4	237.025512363064	1	1	1	1	1	1	508.751568386793
ARF5	1	1	1	1	1	1	165.596509475675	1
ARF6	1	1	1	1	295.820674950763	197.31342706708	304.625896889773	170.820376660179
ARGLU1	253.410596119561	1	1	1	1	1	1	1
ARHGAP18	1	1	1	233.503374340038	1	1	1	1
ARHGAP30	1	1	1	1	331.773169870089	1	197.988171469792	1
ARHGAP31	1	1	1	1	1	1	94.8315494032027	1
ARHGDIA	253.71022415215	245.794172508958	1	283.817380113489	334.270748587401	172.777660920644	197.409281895671	1
ARHGEF12	194.414294914774	1	1	1	1	1	1	1
ARID1A	1	1	1	1	1	1	94.7021881538183	1
ARID5B	1	1	1	1	1	1	1	230.351184614753
ARL10	212.731371848248	1	190.182021105844	230.980371930526	1	272.127675530717	417.438936655243	1
ARL4C	233.779134619667	657.378397907599	1	405.242317677647	476.594565865546	311.158489091924	232.274887012418	1
ARL6IP5	217.369486820123	249.116217750609	362.564786998915	358.550220938538	515.585094518823	295.804716549999	299.634550535391	1
ARPC4	1	236.109310876743	242.121017657603	234.441566448264	1	205.542847953798	94.0363659355489	1
ARRB2	1	310.372708495907	442.266723183933	346.905754211404	1	278.370732463298	1	1
ASAH1	1	571.299574849862	389.582166655027	739.952392361458	1	208.149201857761	1	1
ASAP1	1	1	1	1	1	1	397.68727430149	1
ATF3	331.836392130904	1	428.457468717332	608.855307169684	1	565.61988167576	1	287.03579715766
ATG3	1	1	1	1	1	1	309.869846658007	1
ATOX1	1	1	1	1	1	135.491768789014	138.608243645087	223.058219008056
ATP1B1	522.676227234822	447.244141254889	1	1	1	1	1	1
ATP1B3	308.156220733337	1	902.390443990051	531.172398090156	338.427805924578	676.043806902403	336.05724530688	1
ATP2A3	1	1	1	1	1	1	1	1429.47028574313
ATP2B1	1	356.141167916775	397.725682394818	1	1	240.937986589745	126.028215051951	1
ATP5C1	369.889414528025	1	1	236.466719168979	1	266.524855393153	120.288277134355	1
ATP5D	224.290663109275	1	1	1	1	1	1	1
ATP5F1	213.057299091867	1	1	225.07014420287	1	1	223.389182986033	1
ATP5I	393.231638529215	1	1	257.549394990088	1	212.893929044764	160.541306691001	553.856496050562
ATP5J	381.653827844784	1	1	270.247489185401	1	193.472592945639	184.835466888581	338.20683729801
ATP6AP1	1	267.713499362647	1	297.804558499855	1	185.001563015896	1	1
ATP6AP2	209.873328050589	1	1	353.249804577666	1	1	1	1
ATP6V0B	1	254.238732553164	297.759329579612	346.057541623388	1	226.065230402946	181.496519054605	1
ATP6V1B2	1	250.468388309164	279.000131502319	443.357895005781	1	224.950546370971	1	1
ATP6V1F	1	246.38635152824	359.751468850371	464.495275024075	1	219.992071026241	411.367336548633	1
ATP6V1G1	254.590662212288	237.582941314615	1	231.689236137528	1	1	135.481391255178	250.580006252373
ATPIF1	280.628757976176	1	1	1	1	1	1	247.070133440991
ATRAID	1	1	1	1	1	1	1	197.033192337064
ATRX	264.58860674345	1	1	1	1	1	227.967641086362	1
AUP1	1	1	1	1	1	1	1	212.600901848139
AVL9	1	347.628462845504	1	1	1	1	318.790724994491	1775.08512272688
AXL	1	761.034627093861	1	264.935962674433	1	262.615614041811	1	1
B4GALT1	1	247.374714711218	1	218.93491237609	1	1	1	1
BASP1	1	829.653803469602	652.943409592971	401.888856302138	1	469.412751319348	944.794208780527	235.229193829933
BATF3	1	1	1	1	1	1	168.652520433651	1
BAZ1A	1	203.662144809613	1	1	1	1	143.685230638571	1
BCAP31	275.83980678445	257.079914773541	248.727845535099	318.637166864486	1	1	1	1
BCAS3	468.266396602206	1	440.349038185744	292.644843345952	1083.75683467324	729.324760397096	950.705505447493	801.692364281618
BCL2A1	1	1	1093.02628135006	427.044887708173	1	394.395074670163	201.324943273571	1
BCL2L1	201.231215181983	1	1	1	1	1	1	1
BCL2L11	1	1	1	1	1	1	1	319.444973988708
BCL2L2.PABPN1	287.230774677158	426.757751996051	1	1	1	176.869707624326	99.1189523594359	1
BCL3	1	1	1	1	1	1	133.890179234307	1
BCL6	1	1	1	1	1	1	581.930592519081	1
BEND6	1	1	527.737832242231	273.666836206092	1	218.143062756902	1	1
BEX3	305.08898373627	1	1	1	1	1	1	1
BGN	2168.16220507779	1	1	1	1	1	1	1
BHLHE40	1	1	1	1	1	207.885960743367	1	1
BID	1	1	1	1	1	1	208.89385458878	1
BIN1	1	1	1	1	1	1	210.124257938888	1
BIRC3	1	1	374.337895624584	1	429.336791559533	316.566211071027	460.370832560725	813.675340092695
BLVRB	1	649.119447391008	1	1	1	1	1	1
BMP2K	1	1	1	194.678633240152	1	1	1	1
BNIP3L	1	1	347.617604452898	296.872981979631	1	1	1	1
BOD1L1	1	1	1	1	1	1	271.647739668394	1
BOLA2B	1	1	1	1	1	1	235.158367377812	214.137126900665
BPTF	263.835531456566	1	1	1	346.844310789522	180.11484484159	169.928934007	1
BRD2	1	1	1	1	470.601216589273	1	169.720862761601	1
BRD4	1	235.980974669984	1	1	1	173.137773004977	1	1
BRI3	278.587453123486	545.04395080677	566.548474032049	685.468040924592	1	332.285700817852	179.358378005155	1
BRI3BP	1	1	1	1	1	1	471.783702864121	1
BRK1	261.341779278572	1	264.392026019648	248.157093379711	1	313.51059147242	366.944561439568	1
BRSK1	495.595665043646	517.310559932691	1	285.479748140012	377.091414248993	336.871657595482	198.117283890316	1030.64747364709
BSG	240.338658331235	1	1	1	1	1	1	244.567785662789
BTG2	1	201.67056365089	337.724228515838	312.435562382509	641.728221344131	430.647264053898	336.52416235153	1417.56089241585
BTLA	1	1	1	1	1	1	224.433665603068	1
BTN3A2	1	1	1	1	1	1	1	166.100720652918
BX248415.1	380.172544767941	1	1	1	1	1	1	1
BZW1	196.482209506881	1	1	1	1	1	1	1
C10orf10	310.190341518675	1	1	1	1	1	1	1
C11orf58	220.525752701018	1	1	1	1	1	190.26779857849	1
C11orf80	1	1	1	1	1	1	1	205.262212727919
C12orf45	1	1	1	1	1	1	346.080369784073	187.055922374472
C12orf57	340.277788134761	1	1	1	1	1	1	230.591764957883
C15orf48	1	1	1	237.775741756551	1	1	221.576320218693	1
C18orf32	1	1	1	1	1	1	119.327328602449	1
C19orf53	181.779538503634	1	1	1	1	1	280.86917818365	1
C1QA	1	8542.20327206699	211.374216676968	2620.76066008408	1	582.281053207156	1	1
C1QB	1	11446.3437511692	1	3435.29414619313	1	796.790352313778	1	1
C1QC	1	2697.33341058397	1	966.555182288158	1	1	1	1
C1R	591.949594531432	1	1	1	1	1	1	1
C1S	536.103834531047	1	1	1	1	1	1	1
C1orf162	1	876.075627754138	869.503551209322	605.546224460895	1	822.798606706351	1211.4602296955	1
C1orf43	256.067890647565	1	272.798049438131	247.676095102469	1	195.383906715906	146.056179321237	1
C1orf54	1	251.603543609507	1	1	1	1	828.921515138941	1
C2	1	455.327116924558	1	1	1	1	1	1
C20orf27	1	1	1	1	1	1	126.472896067758	1
C3	1355.31254797452	418.772046674317	1	1188.81319133248	1	781.819954120463	1	1
C3AR1	1	412.896501622996	309.331199937303	438.85247699684	1	218.797166299506	1	1
C4B	321.022623814168	1	1	1	1	1	1	380.392138274014
C5AR1	1	616.548959461832	1096.04521893093	674.632072937402	1	1	1	1
C5orf34	1	1	1	1	1	173.805325241302	90.0197669125506	1
C6orf48	224.257166309679	1	1	215.329748798642	1	238.959007042206	255.469478194728	1
C6orf62	1	317.745845816385	1	261.532388475453	1	220.734380021091	254.913103570578	1
C7	593.490479470632	1	1	1	1	1	1	1
C8orf44.SGK3	1	1	1	1	1	1	161.810242582618	1
C9	278.499543597372	549.29183270991	1	535.913744961024	1	1	1	1
CACNA2D3	1	1	1	1	244.839729704699	219.481291760079	173.142990420301	1
CACYBP	1	1	1	1	301.911605332544	1	270.769892781379	1
CADM1	1	1	1	1	1	1	599.773348254001	1
CALCOCO2	212.899567523078	1	1	1	1	1	1	1
CALD1	928.13574877548	1	1	1	1	1	1	1
CALHM6	1	452.824101888412	277.26164475502	231.118139948777	1	432.922471063493	1	1
CALM3	227.382633296167	337.584734556261	1	294.643056487693	360.558008207622	1	1	1
CALU	249.543134011529	1	1	1	1	1	1	1
CAMK2D	1	1	1	1	1	1	285.988228591018	1
CAPG	1	1	240.821251574886	1073.65082386891	1	348.433486695563	1	1
CAPN2	266.047769195676	1	1	1	1	1	1	1
CAPZA1	1	325.919285259679	321.026656882348	307.53931411958	358.473942821397	327.455915691142	196.982725020363	1
CAPZB	1	178.422930630247	216.711588413397	289.747146647697	1	279.256148490159	274.076946963403	1
CASK	327.563023475298	1	193.328564118776	198.775135617722	648.913530161282	338.080739773129	339.328959875228	294.430995649719
CASP1	1	1	233.786177224221	1	1	1	1	1
CASP4	1	1	1	1	307.746403497481	181.908969432848	1	1
CAST	408.163719295212	457.044374740517	577.081736209219	403.324094929921	336.040565861233	294.167547617617	1	1
CAT	1	1	1	1	1	196.704533365622	1	1
CAV1	305.281906723993	1	1	1	1	1	1	1
CAV2	295.388598968938	1	1	1	1	1	1	1
CAVIN1	385.217023378863	1	1	1	1	1	1	1
CAVIN2	352.025052214809	1	1	1	1	1	1	1
CBWD6	1	1	1	1	1	1	1	181.245681430057
CBX3	257.551252524089	1	1	1	305.387112504454	227.820930530104	285.346112124178	1
CCDC50	216.410912300755	1	1	1	1	1	1	1
CCDC6	1	1	1	1	1	1	294.940084827968	1
CCDC69	1	1	1	1	1	1	1	194.100583571513
CCDC88A	1	285.953660962708	1	331.551071477163	1	355.329482952569	624.867550163665	1
CCL14	1872.78083866513	1	1	1	1	1	1	1
CCL3	1	1415.90227832541	417.052057350353	937.79856339969	1	396.050950990784	1	1
CCL3L3	1	316.422099577997	1	290.458836968809	1	1	1	1
CCL4	1	1419.76162861665	300.099804630302	667.505314789458	2485.66581542525	1	1	1
CCL4L2	1	593.113635968286	1	1	527.979911780139	1	1	1
CCL5	1	1	1	1	2817.26884950463	1	1	1
CCNC	1	1	1	1	1	1	1	225.206167256245
CCND1	291.366005718947	1	1	1	1	1	228.149821029438	1
CCND2	1	1	1	1	389.603274325834	1	1	1
CCND3	1	1	1	1	351.247109774224	1	160.717079514099	1
CCNL1	1	1	1	1	1	181.494380827203	1	1
CCPG1	1	1	1	1	1	1	1	479.859708452904
CCR1	1	631.957345933167	1	203.872469140504	1	1	1	1
CCT2	183.513789788497	1	1	1	1	1	1	1
CCT3	183.767830810033	1	1	1	1	1	1	1
CCT4	217.163836943976	1	1	1	1	1	1	1
CCT5	193.741863318344	1	1	1	1	1	1	1
CCT6A	190.153910894846	1	1	1	1	197.724458293487	295.720876505454	1
CCZ1	1	1	1	1	1	1	94.7484263747787	1
CD14	1	910.142233149921	647.844124654771	980.663963004143	1	303.002379070438	1	1
CD151	294.675860839158	1	1	1	1	1	1	1
CD163	1	282.501815069633	1	1	1	1	1	1
CD163L1	1	1841.84312675988	482.496069471085	673.817850969274	1	330.617877856754	1	1
CD164	204.071961569899	306.600432404173	1	259.214848947388	272.799208918384	238.072212985739	1	214.511044800066
CD1C	1	1	1	1	1	415.650689049263	1	1
CD2	1	1	1	1	925.942365858593	1	1	1
CD24	428.15617406011	1	1	1	1	1	1	1
CD27	1	1	1	1	1	1	1	902.53284354336
CD300A	1	318.894381703662	1	260.166864978047	1	233.761235213501	1	1
CD300E	1	1	405.062429855723	1	1	1	1	1
CD302	1	208.600405319802	1	1	1	211.66333630288	1	1
CD37	1	1	749.335277941831	533.217318339059	468.152198137716	478.227552582821	488.854735400965	164.970705198168
CD38	1	1	1	1	1	1	1	471.164059974154
CD3D	1	1	1	1	548.520661315471	1	1	1
CD3E	1	1	1	1	605.426838775964	1	1	1
CD3G	1	1	1	1	300.555093337736	1	1	1
CD4	1	837.004356440834	402.778566953812	552.647794460048	1	598.424290775991	413.927386316394	1
CD44	1	406.300465710282	714.854214567153	609.702122114204	504.306637137088	456.019717784991	1	376.138251400826
CD46	196.717231861935	1	1	1	1	1	1	1
CD47	1	1	1	1	1	206.285355630629	168.600628840317	1
CD48	1	1	311.574053856439	1	686.931019975519	209.00836944289	531.211812322437	192.892330291745
CD52	1	1	1198.18913011566	323.010793117344	1005.14107786486	344.208042173559	570.79861953628	1
CD55	1	1	781.562175176477	1	1	209.866868342615	278.756365024513	320.788248385567
CD59	1008.24128666449	404.533013247145	1	279.047465559769	1	1	212.433813609441	410.095915451941
CD5L	1	2300.63899152593	1	1	1	1	1	1
CD69	1	1	1	1	1139.96634044233	1	1	1
CD7	1	1	1	1	679.607535911207	1	1	1
CD79A	1	1	1	1	1	1	1	945.303292289031
CD83	1	463.520126861781	719.095382136218	601.051215250156	1	986.463262961996	998.074257224304	1
CD84	1	498.811355206254	1	451.297156817035	1	243.70193863513	1	1
CD86	1	295.6637052103	277.580028444211	240.536935019414	1	324.666771408247	174.02707998572	1
CD9	642.230358766419	1	1	577.142998893461	1	1	1	1
CD93	1	1	281.615272186835	1	1	174.033210693697	1	1
CD96	1	1	1	1	275.138472605697	1	1	1
CD99	413.611191556286	1	1	324.171615683513	336.332257789952	1	1	211.77554329394
CDC42	261.123554672124	1	435.554098168441	344.14065209383	220.918830209923	356.784334366011	140.839053502789	1
CDC42SE1	1	1	1	1	276.835322025885	1	1	1
CDC42SE2	1	1	1	1	448.524297710718	194.390765445485	159.559985625204	1
CDH1	177.794440484874	1	1	1	1	1	1	1
CDK2AP2	1	1	1	1	1	1	171.80811099955	1
CDKN1A	421.151473212747	1	768.012101448184	444.395914679643	1	701.765417745209	182.420888110946	345.431051063525
CEBPB	224.343183784214	669.396784275059	990.527073657186	590.359491508833	1	476.244743024161	1	1
CEBPD	552.990795001931	1150.36083696664	1061.08914845223	1127.04049463638	1	1199.68569221341	229.550289962914	1
CELF1	1	1	1	1	1	1	103.482919396797	1
CELF2	1	1	1	243.03593523557	448.114938824416	338.440988884971	123.847520208453	1
CERS2	414.869503330592	1	1	1	1	1	197.984895327168	1
CETP	1	801.672346272859	1	1	1	1	1	1
CFD	1	933.306043185826	268.336101996072	288.21814263344	1	1	1	1
CFH	482.332705495404	1	1	1	1	1	1	1
CFI	205.789335811235	1	1	1	1	1	1	1
CFP	1	232.024425357055	1	1	1	1	1	1
CHCHD10	302.506664009216	278.642526370836	1	422.614383899576	1	203.075305716113	76.3586089124501	301.936789622384
CHD1	1	1	343.141670196619	1	1	1	1	1
CHD4	230.791282179238	1	1	1	1	1	1	1
CHMP2A	231.672046200163	1	1	1	1	1	1	338.232234265745
CHMP3	261.008862056855	1	1	1	1	1	1	1
CHP1	189.845416682529	1	1	1	1	1	1	1
CHST11	1	1	1	1	1	214.982286652876	1	1
CHST12	1	1	1	1	1	1	1	1950.1409263652
CIB1	1	1	1	1	1	245.333791910194	229.094856548115	1
CIITA	1	1	1	1	1	1	174.012373340582	1
CIRBP	266.033965612395	1	1	211.851733184949	245.306450941662	232.096845739202	1	347.707601224415
CITED2	1	1	1	1	334.508162855517	1	1	429.80925476821
CKAP4	1	1	1	1	1	1	1	485.430976018161
CKLF	1	1	1	227.153396228042	1	305.514445365793	238.677583264464	1
CKS2	1	1	1	1	1	1	154.834759264631	1
CLDN1	328.526804038604	1	1	1	1	1	1	1
CLDN10	238.544104674502	1	1	1	1	1	1	1
CLEC10A	1	1	1	1	1	555.431210705618	1	1
CLEC2B	1	1	1	1	1	1	196.634633504683	1
CLEC4E	1	1	519.685673073577	1	1	1	1	1
CLEC6A	1	1	1	1	1	159.53476908153	1	1
CLEC7A	1	1	321.123902218838	215.319059133875	1	264.612389228364	123.096881365139	1
CLEC9A	1	1	1	1	1	1	941.026761376079	1
CLIC2	1	1	1	1	1	1	189.131433220363	1
CLK1	1	1	1	1	374.986517219521	235.85308491572	277.97156136539	170.538716682606
CLNS1A	1	1	1	1	1	1	157.196270534727	1
CLPTM1L	1	1	1	1	1	1	1	441.074325131918
CLSTN1	1	1	1	1	1	1	317.151461678317	1
CLTA	233.942116116248	274.112436773482	1	215.355889122669	1	1	1	1
CLTC	303.691314621936	316.952738290558	278.002607020139	248.194235780331	1	204.353975492135	1	1
CLU	1124.42579817977	1	1	1	1	1	1	1
CMC1	1	1	1	1	397.509738882572	1	1	1
CMIP	1	1	1	1	1	164.331871074955	339.192640849974	1
CMKLR1	1	354.76205512513	1	1	1	1	1	1
CMPK1	228.325952901359	1	1	1	1	218.514804255143	1	1
CMTM3	1	1	1	191.109023401455	1	1	1	1
CMTM6	1	229.6236869269	495.904443713741	409.990903075563	1	397.94530960878	292.171527548085	1
CNDP2	1	303.566409059672	1	312.551014159465	1	254.659346134904	289.970500493952	1
CNN2	1	1	232.606992655202	1	388.470723990446	327.986665405716	559.51067683023	1
CNOT6L	1	1	1	1	453.984769483514	1	1	1
CNPY3	1	1	1	296.437682627856	1	224.29184125778	160.391454506948	1
COL18A1	482.028439118416	1	1	1	1	1	1	1
COL1A1	2784.5647794673	1	1	1	1	1	1	1
COL1A2	2161.88281709267	1	1	1	1	1	1	1
COL3A1	2395.22301879316	1	1	1	1	1	1	1
COL4A1	913.556105809355	1	1	1	1	1	1	1
COL4A2	868.939191438708	1	1	1	1	1	1	1
COLGALT1	1	250.835717321072	1	1	1	1	1	1
COMMD1	1	1	1	1	292.015597022923	248.290856986037	99.5393148436698	175.994816209777
COMMD3	1	1	1	1	1	1	1	176.959198022625
COMMD6	272.104082078455	1	365.309728967711	212.203515931548	388.288167316414	415.539835576279	266.166853943228	1
COMT	180.376360166856	334.721291071884	1	1	1	1	1	1
COPA	190.427767123579	1	1	1	1	1	1	1
COPE	1	1	1	1	1	1	185.591226571761	342.363280228324
COPRS	953.368608685006	1	905.063572147273	1034.19841146172	1	1393.5549083542	1	3214.22503411369
COPS9	186.825054219178	1	1	1	1	243.340769760736	623.803531980123	394.434165730121
CORO1A	1	1	463.858624598737	238.787975776873	762.306604377314	318.78264538195	332.604528608711	1
CORO1B	1	1	1	1	688.994838027063	1	1	1
COTL1	1	267.159787923418	1583.68682994743	680.001408042432	235.446449130499	974.296673609928	1232.45317970955	1
COX5A	239.719532053485	1	1	219.77819522332	1	239.65619298879	263.068693703985	246.635719504005
COX7A2	550.320058971202	224.428333854421	1	351.589575087962	1	228.414528247238	188.485760902125	553.218420021455
COX7B	351.325167759222	1	261.573519183526	281.651431349484	1	161.79946321509	235.460653710362	179.714165610466
CPEB4	1	1	1	1	1	1	1	234.489080518519
CPM	1	656.00632126204	1	635.841058892065	1	1	1	1
CPNE1	1	1	1	1	288.035587641617	1	146.968974762482	1
CPNE3	1	1	1	1	1	1	1081.87679149442	1
CPNE5	1	1	1	1	1	1	1	206.229468616243
CPPED1	1	1	1	1	1	1	244.346552453624	1
CPSF7	1	1	1	1	1	1	385.810844466419	1
CPVL	1	1451.71665031132	418.140111698391	509.959008135206	1	676.895336989581	3450.78684226377	1
CREB3L2	1	1	1	1	1	1	1	713.760399310195
CREBBP	1	1	1	1	342.840383860125	1	114.801676369721	1
CREG1	167.679314193095	1342.61867648055	228.462887945619	638.750720606449	1	1	1	1
CRELD2	1	1	1	1	1	1	1	385.437702692388
CREM	1	1	1	1	663.505803633454	411.896005655359	1	1
CRHBP	628.150918648598	1	1	1	1	1	1	1
CRIP1	491.856996438004	1	1	1	776.651877669124	426.251792555104	778.894441148497	492.004999958867
CRIP2	482.530180464424	1	1	1	1	1	1	1
CRP	420.645583790343	1	1	1	1	1	1	1
CRTAP	1	1	1	218.587521634629	1	247.343492325062	1	1
CRYBG1	1	1	1	1	333.767698640619	152.912837378082	183.187644398054	1
CSF1R	1	1039.95287898029	460.989480639174	636.103356756156	1	530.484146322546	1	1
CSF2RA	1	1	1	199.673015670906	1	344.616582202716	337.745031191048	1
CSK	1	1	1	1	1	1	215.877856905602	1
CSNK1D	1	1	1	1	1	1	167.394490433873	1
CSNK2B	229.239518348437	1	1	216.701682340507	1	1	251.763009721629	1
CSRNP1	1	1	444.138854618557	1	265.864553177224	229.895843224829	194.62104194063	1
CST3	1409.17436967796	7743.14707682923	3291.98156354942	3337.91605965646	1	5605.19760023324	12750.8381510044	213.964166382502
CST7	1	1	1	1	687.752683502583	1	114.977904482661	1
CSTA	1	1	353.057520868083	1	1	1	1	1
CSTB	334.357960409108	566.237985191238	710.480523158654	1459.32822021048	1	405.588794883414	308.990385045516	1
CTAGE5	1	1	1	1	1	1	1	1170.49599646543
CTGF	920.605780224396	1	1	1	1	1	1	1
CTNNA1	331.74044509691	1	1	184.878631199634	1	1	1	1
CTNND1	231.494618768949	1	1	1	1	1	1	1
CTSA	184.625983675915	411.035163146469	1	432.508270145731	1	1	1	1
CTSB	699.27930113102	9319.33459006451	2269.68428303862	5904.90486230758	324.717400539112	1203.31929382143	1	214.872684457723
CTSC	315.630989319953	937.088840951729	429.234483961798	689.130061251551	391.040211469311	247.074819378791	1	1
CTSH	1	240.606409738417	463.776499073651	710.039741568735	1	705.221338819411	207.277094180863	262.72745612213
CTSL	536.267355764662	849.184871494676	377.377159146064	852.389663963194	1	1	1	1
CTSS	1	3191.66793156421	2414.69130696044	1722.20349342141	1	1063.31540567668	666.696924305929	595.536056046149
CTSW	1	1	1	1	335.207692734243	1	1	1
CTSZ	1	240.989334127402	1	176.896750758704	1	1	209.193661455635	1
CU639417.1	1	1	1	1	1	1	1	169.934515017873
CUTA	1	1	1	1	1	1	1	306.141567192137
CUX1	1	1	1	1	1	1	187.105165801135	1
CXCL12	1	1079.85381246678	1	1	1	1	1	1
CXCL16	1	741.162548570817	498.979230404276	725.22000272519	1	446.445354435145	391.827403863624	1
CXCL2	236.597867436694	1	551.511832389848	435.934372952526	1	1	1	1
CXCL8	1	1	1076.98158502499	828.55624222199	1	446.210306814537	257.455362832303	1
CXCR4	1	526.670768410979	1345.90195489527	1192.65348325307	3599.57714454338	2276.33514127378	1620.39555898338	1660.16437256698
CYB5A	294.861803492788	1	1	1	1	1	1	1
CYB5R3	460.956775134865	1	1	235.886204410101	1	189.329254562972	242.436433685081	247.388399769666
CYCS	271.590753001936	1	1	253.124903531717	361.685303852787	223.142513035587	1	243.081269859713
CYR61	733.040882546001	1	1	1	1	1	1	1
CYSTM1	212.28933407555	1	1	1	1	1	1	1
CYTIP	1	1	341.201866172754	1	603.117563559472	317.3403374463	176.867414536015	404.128182999967
DAD1	329.103042443283	1	1	1	1	1	1	336.009903530781
DAGLB	292.113523060261	1	1	237.422253809558	1	197.932022148732	1	347.247634265263
DAP	1	1	1	1	1	1	201.514275488534	1
DAZAP2	335.444281675012	302.652829004094	602.180378062295	405.708402943971	351.161002545332	317.512561913432	66.2825232432951	1
DBI	321.367815172539	211.149768572156	1	414.467105995725	1	257.371874780158	245.588165546737	1
DBNL	1	1	1	1	1	198.84622609231	339.033045697162	1
DCN	1901.31208889021	1	1	1	1	1	1	1
DDIT4	1	1	1	236.387437533934	449.421808368912	340.108116361021	218.813158780604	547.9323018725
DDT	175.938750776117	1	1	1	1	1	302.664783860847	1
DDX21	228.941824381991	1	330.230058976969	1	1	215.882421186943	332.423193520734	1
DDX3X	1	1	1	1	1	1	197.281074084268	1
DECR1	210.955675978654	1	1	1	1	1	1	1
DEFB1	976.179793305599	1	1	1	1	1	1	1
DENND1B	1	1	1	1	1	1	176.201579252035	1
DERL1	1	1	1	1	1	1	1	286.436563539293
DERL3	1	1	1	1	1	1	1	1935.0182479925
DHRS7	217.292920230915	1	1	218.487132208487	1	1	1	228.387821265117
DIAPH1	1	1	1	1	323.788650109519	1	240.895712306533	1
DLC1	234.053982982253	1	1	1	1	1	1	1
DNAJB11	1	1	1	1	1	1	1	376.820814625737
DNAJB6	1	1	226.508429426811	208.365236049062	1	1	155.348460257617	1
DNAJB9	1	1	1	1	1	1	1	465.796088155825
DNAJC1	1	1	1	1	1	1	1	323.93166365728
DNAJC15	1	1	1	1	1	1	179.700372108209	220.34529473139
DNAJC3	1	1	1	1	1	1	1	279.346460090421
DNASE1	230.019559896667	269.003314439254	1	1	1	1	210.850596605002	668.694590762488
DNASE1L3	1192.70606462879	1	1	1	1	1	898.813537747204	1
DNMT3A	317.682298910441	314.866244479878	331.731049355639	211.786562307803	373.936079621747	258.851837976944	1	604.48343150453
DOCK2	1	1	1	1	1	1	217.811636472574	1
DOCK8	1	1	1	1	1	142.527004275084	1	1
DOK2	1	216.750658464586	1	1	1	1	1	1
DPM3	1	1	1	1	1	1	1	248.746369131613
DPP7	1	1	1	1	1	1	1	224.471503596749
DPYSL2	1	1	1	272.595731157956	1	213.60411303781	234.271236826766	1
DSE	1	1	1	1	1	245.85379303342	120.029178208096	1
DSP	232.214332634722	1	1	1	1	1	1	1
DST	328.247545019084	234.601644966627	1	1	1	1	138.566368767879	1
DSTN	912.513282733835	1	1	1	1	1	182.946394638193	268.577033388727
DUSP2	1	1	804.175397185801	626.031078525355	1244.36463472965	451.000200985528	746.056204272786	376.192554861876
DUSP4	1	1	1	1	1	1	257.986011207526	1
DUSP5	1	1	1	1	1	1	1	457.202975754118
DUSP6	255.174065769884	1	1	1	1	1	1	1
DYNC1H1	238.485042192611	1	1	1	1	1	1	1
DYNLRB1	369.222716547072	1	1	1	328.726102520513	1	1	1
ECH1	266.902147430383	1	1	1	1	1	1	237.82887852641
ECHS1	226.703799922143	1	1	1	1	1	1	1
EFHD2	1	290.57874521886	482.877495835807	221.516046358705	1	384.223565730985	193.807790649005	1
EGR1	827.697594158156	348.516596763598	1	653.82141419078	1	381.24713331351	1	585.571904152598
EI24	188.626223474356	1	1	1	1	1	1	1
EID1	308.354465671617	1	1	1	1	1	1	1
EIF1AX	195.844099703321	1	1	1	1	1	1	1
EIF1B	1	1	1	1	1	1	123.706697728287	1
EIF2A	1	1	1	1	1	1	302.700515068815	245.222514388033
EIF2AK1	1	1	1	1	1	1	1	141.289546973776
EIF2S2	304.162160896802	1	1	241.836275032612	1	1	223.541597789318	234.65398405447
EIF3D	208.821740142934	279.842106666812	1	226.687358689127	1	241.595395752612	424.074699163865	1
EIF3F	190.666223047353	1	1	1	305.946959152634	305.737361364362	255.708089831558	261.087613731797
EIF3G	1	1	1	1	1	232.887031506609	163.157830923949	216.310946811513
EIF3I	228.777846426818	1	1	214.718919665661	1	243.494843060298	236.20598916865	195.983471383375
EIF3M	192.443836213405	1	276.371385724747	1	1	211.528494110901	313.236347207411	1
EIF4A2	435.961668648701	1	1	237.68219055541	506.659496820316	361.77383859625	223.846421231396	341.399425459366
EIF4A3	1	1	1	252.34147780391	1	1	1	1
EIF4EBP2	156.547595693364	1	1	1	1	176.900555142121	182.648282174426	1
EIF4H	183.861810180655	1	1	1	1	151.344810448468	213.643596369816	1
EIF5A	263.977113917994	220.695988171016	1	226.385787490979	1	178.693638318751	215.263584730566	1
EIF5AL1	166.159426518741	1	1	1	1	1	176.722880510816	1
EIF5B	283.631679433326	247.796736672928	1	1	1	1	106.378137455007	258.671315517522
ELF1	1	260.07436481487	257.245534499564	274.69733193163	392.735044497796	204.257617553498	1	1
ELF3	245.991340279796	1	1	1	1	1	1	1
ELL2	1	239.144052845013	1	255.777967040468	1	1	1	569.878447241232
ELOC	1	1	1	1	1	1	137.795939306373	1
ELOVL5	1	1	1	1	1	1	319.487344194842	1
EMB	1	1	1	1	533.45308601935	1	1	1
EMC4	201.441703574833	1	1	1	1	1	1	187.336294831906
EMILIN2	1	1	205.655462630529	200.844024618682	1	175.511603086349	1	1
EMP1	527.920928328085	1	1	1	1	1	1	1
EMP3	1	1	469.662261683636	260.475227562027	1	171.216737434516	1	278.225566848395
ENG	923.849094484918	1	1	1	1	1	1	1
ENPP1	1	1	1	1	1	1	225.229014060971	1
ENSA	248.971127884889	1	1	1	1	1	316.055060420001	1
ENY2	1	1	1	1	1	1	113.999697257785	1
EP300	1	1	1	1	1	1	184.26855267263	1
EPAS1	616.795006770509	1	1	1	1	1	1	1
EPB41L2	1	461.764793807233	1	243.997776439941	1	1	1	1
EPCAM	483.212645906717	1	1	1	1	1	1	1
EPHX1	220.683484014186	1	1	1	1	1	1	1
EPRS	1	1	1	1	1	1	1	321.229095859317
ERBIN	1	1	1	1	1	1	116.275658319022	1
EREG	1	1	520.48510960703	1	1	1	1	1
ERGIC3	271.713280947263	1	1	1	1	177.612712184583	1	873.022287658997
ERLEC1	1	1	1	1	1	1	1	597.049640021431
ERP29	1	1	1	1	1	1	102.014016752537	344.50096126642
ERP44	1	1	1	1	1	1	191.007483894121	1
ERRFI1	300.701811957788	1	1	1	1	1	1	1
ESD	240.434165991826	1	1	1	1	1	1	1
ETF1	1	1	276.342200972712	1	1	1	1	1
ETFB	222.0133843782	1	1	1	1	1	1	1
ETS1	266.975757328964	1	1	1	1438.64037322937	1	1	1
ETS2	301.779703741643	367.973731803091	554.870681310137	397.374319857575	1	407.859165387598	1	1
ETV6	1	1	1	1	1	162.608096664659	215.581000252319	1
EVI2B	1	276.138133922322	567.221427869255	337.012005931565	1	382.577530172735	629.241794611931	390.574869758885
EVL	1	1	1	1	432.307336241958	1	271.090715602004	1
EZR	204.370465615097	1	384.404354307995	1	626.248673333536	384.546764954908	199.066578991229	810.313416731423
F11R	1	1	1	1	1	1	214.069091495689	1
F2R	386.243145530326	1	1	1	1	1	1	1
FABP1	613.326986697302	1	1	1	1	1	1	1
FAM107B	1	1	1	1	309.256604476985	1	1	202.274012020815
FAM120A	1	1	1	1	1	1	159.891276188115	1
FAM129A	1	1	1	1	1	1	125.537627803542	1
FAM241A	181.173551783289	1	1	1	267.245034277989	238.843695575829	219.943961902773	1
FAM46C	1	1	1	1	305.29769346022	1	1	828.083703500461
FAM49A	1	1	243.574166141165	1	1	1	1	1
FAM49B	1	1	342.477860835511	405.017185749221	1	369.51408787123	225.792036862276	1
FAM96A	1	1	1	1	1	1	239.539884611052	1
FBL	241.229973562171	1	1	1	368.451509633552	210.645026352463	290.930558270837	1
FBP1	1	1	389.175867142182	314.305836661706	1	1	1	1
FBXW7	1	1	1	1	1	1	1	314.910498769584
FCER1A	1	1	1	1	1	609.038599740955	1	1
FCER1G	1	2084.97042556812	1294.23643085675	1335.87649750741	1	729.605788365873	1	1
FCGR1A	1	1	1	317.964597105845	1	1	1	1
FCGR1B	1	1	1	282.556614319119	1	1	1	1
FCGR2A	1	321.592736995597	603.50029177538	909.203727747589	1	690.153569145797	1	1
FCGR2B	1	1	1	291.206564439379	1	339.391922092684	1	1
FCGR3A	1	2263.57045743909	1037.69606449679	1374.88562631055	1	345.079782711348	1	1
FCGR3B	1	312.279129231548	1	1	1	1	1	1
FCGRT	353.590347255967	1909.18543919263	332.137679382003	595.059672077329	1	383.559047582153	340.135722079802	1
FCHO2	1	214.861733717181	1	1	1	1	1	1
FCN1	1	1	2114.65787655865	1	1	1	1	1
FCN3	1163.66241959747	1	1	1	1	1	1	1
FCRL5	1	1	1	1	1	1	1	427.331835168168
FERMT3	1	1	299.652233850811	1	1	1	1	1
FGA	711.944817750582	1	1	1	1	1	1	1
FGB	987.418080774191	1	1	1	1	1	1	1
FGD2	1	1	1	1	1	1	144.286108406549	1
FGG	1164.00265541381	1	1	1	1	1	1	1
FGL2	1	803.311908631311	655.871687893057	444.140670821666	1	793.002273658994	894.10485636166	1
FGR	1	1	759.08921487941	202.124974529457	1	297.930055112158	164.469966498327	1
FILIP1L	1	330.310719476336	1	1	1	205.976023478445	1	1
FKBP1C	208.273679282098	1	224.66996971181	1	1	1	1	1
FKBP2	211.986492176651	1	1	1	1	1	1	1161.59191685385
FLI1	1	1	1	1	1	1	183.848459380929	1
FLNA	376.520589664813	1	1	1	1	1	1	1
FLOT1	181.270729923131	1	1	1	1	1	1	1
FLOT2	1	1	1	1	1	1	109.672882637204	1
FLT1	328.196216797746	1	1	1	1	1	1	1
FLT3	1	1	1	1	1	1	695.423617938232	1
FMNL1	1	1	1	1	1	232.031160840966	138.661956710947	1
FMNL2	1	1	1	1	1	1	349.478263745011	1
FN1	1840.45464114327	1	509.254421070948	818.352548268999	1	1	1	1
FNBP1	1	357.240265567376	1	1	432.409285110742	235.154920880293	822.629789232085	184.192844567589
FNDC3B	1	1	1	1	1	1	1	299.897403314169
FNIP2	1	1	1	1	1	1	191.519961356615	1
FOLR2	1	867.739749121311	1	1	1	1	1	1
FOSL2	1	1	237.911558375661	1	1	200.648711555296	1	1
FOXN3	1	1	1	1	1	251.676388663596	1	1
FOXO3	1	1	1	1	1	1	1	253.893766627732
FOXP1	291.084013241606	1	1	1	397.52665540104	189.845228350702	139.806634912265	170.967183639006
FPR1	1	286.365714533899	631.758574292441	194.035805261634	1	254.063201291471	1	1
FPR3	1	268.077257042302	1	322.326238993256	1	206.970904613358	1	1
FRMD4A	1	448.606877004261	1	1	1	1	1	1
FRMD4B	1	243.930425231849	1	1	1	1	1	1
FSTL1	349.136289081761	1	1	1	1	1	1	1
FTL	3409.21162924052	53098.2390845454	15802.3223608435	32768.7611075552	3039.0349747346	8395.64695395605	2565.17807998265	5320.85647602864
FUCA1	1	435.381928421385	1	219.499604138311	1	1	1	1
FUS	231.389430343395	1	1	1	334.584385984449	1	1	1
FUT8	1	1	1	1	1	1	1	166.510799839083
FXR1	1	1	1	1	1	1	116.833303306321	1
FXYD2	751.440308894737	1	1	1	1	1	1	1
FYB1	1	755.234554176424	829.462290500892	815.394975099226	518.12076589614	406.646860200827	1	1
FYN	1	1	1	1	847.502417852101	1	1	1
G0S2	1	1	776.974825781994	1	1	1	1	1
G3BP2	1	1	1	1	1	1	211.578291051817	1
GAA	1	232.229339301151	1	1	1	1	1	1
GADD45A	201.918409348277	1	1	1	1	1	1	186.966317743035
GAS6	1	1	1	1	1	1	1	186.328137657201
GATM	216.397799524745	1	1	1	1	1	1	1
GBP1	1	341.847882176157	1	1	1	1	1	1
GBP2	1	265.11660040305	280.948412970334	1	1	1	1	1
GC	834.283106822297	1	1	1	1	1	1	1
GCDH	1	1	1	1	1	1	186.718142483419	1
GGACT	249.075768011451	1	1	185.838775785729	516.112388195765	280.329718931169	232.426511313019	385.098275321742
GGNBP2	1	1	1	1	1	1	124.521473806392	1
GHITM	236.575060781743	1	1	1	1	198.182983310789	179.027978732147	338.804567954858
GIMAP1.GIMAP5	1	285.748952074103	1	1	1	1	1	1
GIMAP4	1	305.951216713086	1	1	1	1	1	1
GLCCI1	1	1	1	1	1	1	1	243.755439086957
GLG1	1	1	1	1	1	1	192.515302007666	273.954051100755
GLIPR1	1	218.375458248764	285.437086542789	312.302582951099	1	293.135190370002	395.476518203813	1
GLO1	1	1	1	1	1	1	1	225.375952665699
GLRX	1	1	1	228.994715019014	1	1	1	443.010834872893
GLUL	491.488039937628	1852.07487781625	1199.29594940656	1879.28817527391	390.817952140818	801.83070791305	1	1
GM2A	1	347.489439658427	1	561.070574788783	1	1	233.182104909141	1
GMFG	1	208.368062344327	420.409161244327	280.275089777699	471.539155502571	266.301286877946	183.864770830918	291.088478166776
GMPPA	1	1	1	1	1	1	1	789.365938588261
GNA13	1	1	1	1	1	316.197780276331	96.5472509665128	1
GNAL	1	1	335.566464634057	212.252582489478	1	425.069342864053	210.189249069365	1
GNAQ	1	1	381.219114189093	1	1	323.121867787828	1	1
GNB2	1	1	245.871318022302	1	1	1	345.833553697549	1
GNG11	416.586034796115	1	1	1	1	1	1	1
GNG7	1	1	1	1	1	1	1	189.283596241374
GNS	1	349.74986873343	349.136419775011	334.042873366675	1	1	1	1
GOLGA4	253.248154256275	241.971728287146	1	1	1	1	1	296.83590446041
GOLGB1	305.167949093634	1	1	1	1	1	185.974655973099	301.651328307067
GORASP2	1	1	1	1	1	1	1	174.290138548811
GPAA1	1	1	1	1	1	1	105.043027000627	1
GPNMB	1	668.677764560931	1	1539.33101441429	1	1	1	1
GPR183	1	1	592.930559949765	428.963700739505	1	1074.57026162781	150.279217223553	1
GPR65	1	1	1	1	495.831418670419	1	100.003868073845	1
GPSM3	1	1	1	1	293.999248948151	1	1	1
GPX1	408.518573491055	2520.36107561116	1353.55183213472	2876.94715504444	1	1940.27465473788	789.773928780558	264.704048639962
GPX3	459.434096599739	1	1	1	1	1	1	1
GPX4	516.839101193933	423.996708481571	351.566432725464	811.959821139776	1	540.686779394315	79.0167375774556	530.585577244889
GRASP	1	1	1	1	1	311.418020944157	1	1
GRB2	1	357.010131573075	402.352168728667	373.152788163184	1	288.308689016715	1	287.80430869284
GREM1	1	1	1	1	1	1	1	357.186189659747
GRHPR	175.445267796056	1	1	1	1	1	1	1
GRINA	1	513.894766136944	435.217660173963	474.779149189272	1	235.023010278216	132.761108725661	1
GRN	264.550488438009	1311.59600003567	786.400140768576	1505.76528348853	1	794.766910862114	595.297452324517	328.26251791247
GSN	450.911738050403	1	1	416.446511303855	1	455.656194180499	1	1
GSPT1	194.234974259364	1	1	1	271.048110852082	244.065109920317	149.411151911243	1
GSTK1	220.21574537567	1	1	199.309505255821	319.328837919863	1	138.196225604107	1
GSTO1	297.164740630464	197.068630193344	261.210378580509	418.380844197214	1	182.801422691181	1	1
GTF3A	1	1	1	1	308.895106347267	1	101.479416614221	177.133802440669
GTF3C6	1	1	1	1	1	1	226.699133205066	1
GUK1	325.959244993013	1	1	178.306389231032	396.204919314919	202.556632607997	1	165.492500279255
GXYLT2	1	466.084744054578	1088.29330625557	540.690561619522	1	317.867612907503	142.268878667011	1
GZMA	1	1	1	1	996.288501788948	1	1	1
GZMB	1	1	1	1	544.064213131792	1	1	1
GZMK	1	1	1	1	393.544529965015	1	1	1
H1FX	189.738931238062	1	1	1	1	1	1	928.36947775375
H2AFV	191.937476467402	1	1	1	1	1	273.328990809015	219.499053971315
H2AFZ	300.454113442306	1	1	1	341.784495913392	300.454548978115	155.205618118846	418.165599430399
H3F3C	188.079722239927	1	279.645931490347	244.710709480641	264.193392323192	207.770649792735	213.099086688933	1
HADHA	250.835305350655	1	1	284.79684070554	1	293.723894550385	1	1
HAVCR2	1	1	1	212.364527195592	1	183.309566187117	242.994765054817	1
HAX1	1	1	1	1	1	1	1	236.988514285073
HBB	1	1	1	1	4926.09627639307	1	1	1
HBEGF	1	230.435673106488	458.728090483675	323.262784236965	1	664.834214655909	1	1
HCK	1	304.267571506292	362.339189504064	318.456729274676	1	257.44396815226	197.969847925649	1
HCLS1	1	530.753322175498	600.823645988969	527.197985847029	1	540.866846192328	421.930703733768	172.229562301452
HCST	1	1	236.821874221574	282.097057002541	574.362241666532	249.718518355954	1	1
HDAC9	1	1	1	1	1	1	217.831208815738	1
HDGF	311.799204405026	1	1	214.980579376807	1	1	329.268552375099	1
HDLBP	390.790771434127	1	1	1	1	180.993076699334	1	904.648171706826
HERPUD1	226.057436484198	537.093081037513	421.546340474868	963.004931516168	254.701234471132	1297.33037951877	429.014891559971	4135.57024450933
HES1	255.511977802427	1	1	1	1	1	1	1
HEXB	1	1	1	321.977708862416	1	237.068386949985	1	1
HEXIM1	1	1	1	1	335.605937852165	1	215.779697631986	1
HIF1A	1	1	1	337.815060035198	1	255.655133465412	1	1
HIST1H1C	258.052859773019	1	1	1	1	1	1	1
HIST1H4C	488.641827270857	1	1	1	550.90060097391	269.555298422271	180.916607690949	744.406222102412
HLA.DMB	1	591.800187633756	349.880481542223	786.358192890019	1	855.655910996957	562.274877204162	1
HLA.DOA	1	246.058970878965	1	348.513377412222	1	308.872074076879	457.73706681188	1
HLA.DOB	1	1	1	1	1	1	402.49163378278	239.379948309259
HLA.DPA1	340.210663980235	5628.11398614095	2810.4068462356	7350.181010305	365.20763288571	9485.95825511573	12161.2279949935	289.161174295522
HLA.DPB1	1	3593.49071838605	2194.58271991526	5037.95265772684	438.331115086165	8017.18039793939	11080.1850907138	1
HLA.DQA1	1	1996.8750491265	648.030161358704	2386.84379487774	1	3721.03942160774	4149.6541492719	1
HLA.DQA2	1	368.034752682879	1	720.028882597833	1	618.544585528678	523.054076861592	1
HLA.DQB1	1	1933.16966044189	768.052308549437	2551.81533047774	369.454606031446	4156.75972457665	5386.49803318968	1
HLA.DQB2	1	1	1	257.072224074668	1	368.087379472134	396.371399796506	1
HLA.DRA	389.955228814889	7287.12832160175	4607.30163086849	9111.19559037073	351.948727383994	11802.7238981623	12235.5152464246	316.850169598077
HLA.DRB1	519.795109936262	6893.23513544677	4127.25725139407	8079.87082133952	546.103797209791	10071.6029347922	13026.5651743472	226.082214770738
HLA.DRB5	1	925.806022320659	843.938838253343	1437.96927785163	1	1721.99924565653	1908.86000048913	1
HLA.F	1	377.538058430349	292.743394870424	235.774364338191	472.184312415852	215.221105037611	144.799637118934	1
HM13	1	1	1	211.765988677328	1	1	226.721082847521	547.371396930507
HMCES	1	1	1	1	1	1	1	247.646672605625
HMGA1	1	1	1	1	1	1	318.033360767161	1
HMGB2	1	1	1	1	327.876140389386	1	1	1
HMGN1	264.285208772692	1	1	260.552249827422	290.282780053264	360.760608312647	359.291083244353	240.659913408505
HMGN2	1	1	1	1	1	1	164.187227634465	1
HMGN3	211.640662434528	1	1	1	1	1	1	1
HMOX1	1	1618.33281356991	1	528.115825822091	1	1	1	1
HNRNPA3	310.186251501463	1	1	195.714688464192	424.28627016794	253.227824964638	112.321289306086	1
HNRNPAB	259.91413991781	1	1	1	1	192.881861023823	135.158690857129	1
HNRNPF	261.91784757778	1	1	1	1	220.01780741556	110.833394136989	1
HNRNPM	218.018454554032	1	1	1	1	238.238086913379	1	1
HNRNPUL1	224.543685375616	1	1	218.150296277497	316.548575615279	229.454047930365	256.987426155048	290.709958350901
HNRNPUL2.BSCL2	1	1	1	1	1	1	1	192.673442265523
HOOK2	225.980476026977	1	1	1	1	1	1	196.802336629624
HP	2469.89472676504	588.754379267792	1	1	531.373647816029	1	346.352561239493	197.859210844494
HP1BP3	213.71884282209	1	1	1	1	1	1	1
HSBP1	224.664802703016	1	1	1	1	1	1	1
HSH2D	1	1	1	1	1	1	1	315.371149985054
HSP90B1	1177.71256959434	744.925334513593	513.746747078007	777.569220315865	576.254298138543	472.365200974872	404.940862829953	5246.26190466126
HSPA9	197.569377568584	1	1	1	1	1	184.893038446819	1
HSPE1	411.723144872212	1	1	447.686733057619	480.131848901661	293.555751140444	275.277376887291	343.431451534339
HSPG2	394.118525069114	1	1	1	1	1	1	1
HSPH1	254.557583044887	1	390.129203529553	655.721414844133	829.0476130082	393.136636538296	361.001538412014	1
HTRA1	1	1	1	319.601930510166	1	1	1	1
HYAL2	302.695787029122	1	1	1	1	1	1	1
HYOU1	1	1	1	1	1	1	1	196.483731003362
IAH1	1	1	1	1	1	1	106.581548342087	1
ICAM1	1	290.551891412514	1	1	1	1	1	1
ICAM2	1	1	1	1	1	1	1	273.830491860434
ICAM3	1	1	1	1	1	1	1	256.882695532108
ID1	550.267576069524	1	1	1	1	1	1	1
ID2	570.072728390864	571.610221098469	453.893020593653	834.799103599141	1281.76758494139	728.224555316173	642.358124570289	1
ID3	651.660625270173	1	1	1	1	1	1	1
IDH2	1	1	1	1	1	1	129.727237376087	230.978120727378
IDO1	1	1	1	1	1	1	602.50673658661	1
IDS	1	1	1	1	263.802467040192	1	246.088554884003	1
IER3	442.779460453713	546.421704805585	1237.62399452172	1479.19049732486	1	640.193553544758	1	1
IER5	1	1	305.489598733346	525.064949526079	329.526075766959	547.430509078033	533.368774567073	1
IFI27	665.536216531775	442.257176155593	1	1	1	1	1	1
IFI27L2	1	1	1	1	1	1	1	268.306303542234
IFITM2	1862.82251940687	489.870078701348	1231.44731072708	448.12058766645	1980.10663961628	623.771794585188	1	516.772781783785
IFITM3	2415.91842960844	648.782683393697	1154.16145793618	693.084524905717	400.039368824672	571.544420493389	1	1
IFNAR1	1	1	1	1	1	1	1	225.341477108661
IFNAR2	1	1	1	1	1	1	1	229.431822375262
IFNGR1	1	393.71892884763	324.775848811367	518.083032115069	1	448.396109489418	397.675784669775	1
IFNGR2	1	325.635796951569	428.255922241687	438.013263228248	1	270.46113487413	228.820316436551	1
IGBP1	1	1	1	1	1	1	251.434859590148	1
IGF2	388.495003226335	1	1	1	1	1	1	1
IGFBP3	673.366258243593	1	1	1	1	1	1	1
IGFBP4	664.323905955903	1	1	1	1	1	1	1
IGFBP7	4790.58085155343	1	1	1	1	1	1	1
IGLL1	1	1	1	1	1	1	1	684.872550388785
IGLL5	1	1	1	1	1	1	1	87501.890240281
IGSF6	1	781.415459574275	259.590125758658	510.584298778204	1	187.990916605991	1	1
IKZF1	1	1	1	1	468.475117643445	1	1	1
IKZF3	1	1	1	1	581.481334158625	1	1	1
IL10RA	1	313.918684995125	1	183.750253344906	1	280.481791752179	124.064761637951	1
IL13RA1	1	1	1	262.61477235883	1	440.573260999171	1	1
IL16	1	1	1	1	1	1	381.052998799093	1
IL18	1	250.755960620622	1	306.025236774692	1	232.861325171918	1	1
IL1B	1	1	1549.3789541049	1069.58711847704	1	758.532258631406	1	1
IL1R2	1	1	1	1	1	309.640723441231	1	1
IL1RN	1	1	567.900658985875	1	1	1	1	1
IL2RB	1	1	1	1	704.27700291966	1	1	1
IL2RG	1	1	1	1	539.39713686222	1	124.405255760908	260.6688084458
IL32	373.520589133939	1	1	1	1779.48192278351	1	1	1
IL4I1	1	1	1	276.249304945772	1	1	115.856061014118	1
IL6R	1	1	1	1	1	1	191.182825688401	1
IL6ST	531.919606469975	1	1	1	1	1	1	1
IL7R	1	1	1	1	2755.66082159017	1	1	1
INPP5D	1	1	1	1	1	212.563397876656	277.327913731638	1
INSIG1	1	1	169.40976945424	1	1	414.798819426399	562.992038826476	1
INSR	266.192851449815	1	1	1	1	1	1	1
IQGAP2	1	203.271235424125	1	1	1	1	1	1
IRAK3	1	1	336.132447384598	1	1	1	1	1
IRF1	1	1	1	1	437.151735374944	1	1	253.031938754013
IRF2BP2	317.968594845439	1	1	255.479713147295	1	204.630722691524	1	1
IRF8	1	1	1	1	1	1	1040.2508150233	1
IRS2	1	1	265.716116040959	1	1	1	1	1
ISCU	206.202946889201	1	1	1	1	1	1	406.47606826329
ISG20	1	1	1	1	365.277211866477	1	1	627.042977641351
ITGA1	368.449186375364	1	1	1	1	1	1	1
ITGA6	1	1	1	1	1	1	1	300.20853740064
ITGAL	1	1	323.834235271393	1	361.357064562693	1	1	1
ITGAX	1	1	408.616061187383	334.507107295262	1	225.251798567762	275.788983226569	1
ITGB1	667.130816147908	1	268.016847300737	237.148517258487	1	1	154.219330123732	1
ITGB2	1	555.868768611844	1027.51477667298	899.542368591871	445.408284339246	782.596080735193	709.147913739942	1
ITGB5	244.418885239327	1	1	1	1	1	1	1
ITGB7	1	1	1	1	1	1	237.20750033516	1
ITIH2	336.899497428372	1	1	1	1	1	1	1
ITM2C	1	1	1	1	1	1	1	985.829130558787
ITSN1	1	250.337843630126	1	1	1	1	1	1
ITSN2	1	1	1	1	1	1	440.350757222116	1
JAML	1	1	1	1	1	494.769807901804	1	1
JCHAIN	1	1	1	1	1	1	1	44322.6485622224
JMJD1C	247.032639243029	1	1	263.360344310679	1	231.004843345805	327.779389368188	1
JSRP1	1	1	1	1	1	1	1	215.544230991242
JTB	262.087583285518	1	1	1	1	170.161529022105	1	478.873809807114
JUN	461.075414366817	382.713099162333	1	538.134569547842	1	234.885391015022	1	1066.3619084218
KCMF1	1	1	1	1	1	1	190.46226189799	1
KCNK6	1	1	1	1	1	1	302.801571081489	1
KCTD12	1	290.590924476588	361.870022579565	494.592182649553	1	534.899191990645	268.449128115897	1
KDELR1	219.160868476926	1	1	1	1	1	1	307.597244316538
KDM5A	1	1	1	1	1	1	107.646269480643	1
KHDRBS1	264.085247269053	1	1	1	1	1	1	1
KIAA0930	1	1	1	1	1	1	211.084358333267	1
KIAA1551	1	1	1	1	336.191712746286	1	1	1
KIF5B	269.976161465184	1	1	238.354230577468	1	1	257.007696056047	1
KLF13	1	1	1	1	1	1	1	324.942627221138
KLF15	478.471417803089	1	459.503974167964	418.707537719195	1	926.23799195722	803.050471548644	3175.33935112912
KLF2	315.300115286837	1	1	1	1	1	1	457.844766552612
KLF4	280.036843817844	293.492346198058	603.338451188347	391.312253019908	1	889.805803433662	214.075807900588	1
KLF9	313.219973197802	1	1	1	1	1	1	1
KLHL20	1	1	1	1	328.897012028624	227.55637498524	142.313482937153	129.722286387109
KLHL6	1	1	1	1	1	1	1	211.984220947824
KLRB1	1	1	1	1	1413.79393829503	1	1	1
KLRC4.KLRK1	1	1	1	1	337.793945810646	1	1	1
KLRD1	1	1	1	1	797.656212083298	1	1	1
KMT2A	1	1	1	1	461.614446437664	1	1	1
KMT2E	1	1	1	1	1	175.115832315861	1	1
KPNB1	249.124257238187	247.26990493665	1	279.162000158639	1	1	1	1
KRT18	1236.10932389621	1	1	1	1	1	1	1
KRT19	355.467420634958	1	1	1	1	1	1	1
KRT7	444.399502960224	1	1	1	1	1	1	1
KRT8	711.415515128634	1	1	1	1	1	1	1
KRTCAP2	345.583498685762	216.829662351801	1	218.943467324721	1	1	1	836.24129551932
KTN1	447.917650487198	300.860485054781	1	288.536176131866	384.489800974328	211.637641246393	247.194289178411	1
L1CAM	1	1	1	1	1	1	139.306424516692	1
LAIR1	1	1	1	422.861531557954	1	210.645082992469	1	1
LAMB1	326.902745197428	1	1	1	1	1	1	1
LAMP1	297.979706489329	382.290000183207	221.305310870324	413.946921569794	1	1	1	1
LAMP2	241.086588674063	233.215359609563	1	305.080645621981	1	1	1	284.59005845961
LAMTOR1	1	1	1	1	1	1	143.170868213742	1
LAMTOR5	176.432434740774	1	1	1	1	1	1	1
LAPTM4A	456.086206308798	206.693963808693	227.092606188794	227.042045921894	1	193.813071959463	1	1
LAPTM5	1	3053.83305269461	3227.61673881147	3246.49743591771	843.393948834047	2048.34924352534	578.432599707113	317.466093123955
LARP1	1	1	1	1	1	1	283.434691107663	153.410844220757
LASP1	215.888301602256	1	1	185.125960800336	352.897162532874	1	179.537716229291	1
LBH	1	1	1	1	380.883756153847	1	1	1
LCP2	1	485.19986292784	467.950940209237	396.686873670501	397.120030988511	285.970381741596	1	1
LDHB	1	1	1	203.80736986881	410.698614345034	248.807459687676	146.676151055549	249.355752957352
LDLRAD4	1	1	1	1	1	1	204.967726379529	1
LEPROT	273.355773973827	1	1	1	1	1	1	1
LEPROTL1	1	1	1	1	273.314074116996	1	1	1
LGALS1	964.445719289993	1	652.34023543503	1541.00499048708	1	610.601729526243	848.361466116082	748.772852110589
LGALS2	1	1	1	1	1	244.230561960197	807.594374693264	1
LGALS3	695.823808334233	406.566101476176	522.505922296081	1051.55213545405	1	247.288423073179	196.215513257505	1
LGALS3BP	373.839366890543	336.201169955162	1	1	1	1	1	1
LGALS4	389.541228987947	1	1	1	1	1	1	1
LGALS8	1	254.973654708552	1	1	1	1	1	1
LGALS9	1	434.461589090108	381.885764745149	396.927424397313	1	365.493677877275	398.215739746418	1
LGMN	1	1422.84505073405	1	854.433388153115	1	1	138.519989468012	1
LHFPL2	1	1	1	257.531378561151	1	1	1	1
LILRB1	1	271.140414720374	1	1	1	1	1	1
LILRB2	1	289.629703543352	470.925559295691	1	1	1	1	1
LILRB4	1	260.735938754962	1	351.572458422974	1	1	1	1
LILRB5	1	795.283193898273	1	1	1	1	1	1
LIMS1	1	273.02672067176	461.907038261783	531.345985336443	1	423.915900306171	1	1
LIPA	1	1799.02918008253	1	729.288450756623	1	1	1	1
LITAF	395.89739103112	360.003128475358	729.99949223262	968.751166732759	480.181672771645	897.301272068387	261.852095873135	1
LMAN1	1	1	1	1	1	1	1	454.438876990129
LMAN2	1	1	1	1	1	1	1	478.299112985501
LMNA	570.37149390361	1	1	1	1	1	199.777162796331	1
LPP	235.791001426368	1	1	1	1	1	218.885956256712	1
LRP1	1	352.271610971458	347.010188994132	334.800731729125	1	1	1	1
LRP10	213.453540511278	1	1	1	1	1	195.449517876938	1
LRPAP1	1	1	1	1	1	1	1	319.575051841783
LRRC25	1	304.717227197942	289.826953104002	1	1	1	1	1
LRRK2	1	1	1	1	1	1	128.324415040429	1
LSM14A	1	1	1	1	1	1	126.721147195548	1
LSM6	1	1	1	1	1	1	277.63444548524	1
LSM7	1	1	1	1	1	1	265.107262122724	1
LSP1	1	1	564.683553558713	436.26673906718	342.379614192307	393.123298160511	673.127484442766	173.846316459615
LST1	1	586.120454865896	1019.78488561977	499.73435205494	1	675.528911110196	185.516307519786	1
LTA4H	1	1	417.220641658431	255.764725861087	1	1	1	1
LTB	1	1	1	1	562.526149904178	1	1	1
LUC7L3	300.504457033131	1	1	1	286.320652976257	1	1	1
LUM	786.527157898783	1	1	1	1	1	1	1
LY86	1	210.644492697575	1	276.991696593065	1	196.991992852394	1	1
LY9	1	1	1	1	1	1	1	331.063299857235
LY96	1	1	1	1	1	1	1	176.528217459972
LYN	1	399.539522436125	761.446285873802	381.343488388448	1	372.134641874959	402.362426931758	1
LYVE1	1	1397.77072758214	1	1	1	1	1	1
LYZ	1	918.107670316173	5892.3285963629	2821.1665918804	1	3259.3038910899	5328.585085522	1
M6PR	1	228.603603661481	1	221.824166987084	1	187.417455383834	171.164073425508	1
MACF1	405.682390404153	1	1	1	356.535665847819	1	1	1
MAF	1	418.898931922918	1	1	1	1	1	1
MAFB	1	1062.13290785846	623.348236020388	1050.18300349328	1	369.710091174672	1	1
MAGED1	1	1	1	1	1	1	1	164.128439673945
MAMDC2	232.753942988122	1	1	1	363.561658021753	230.051098484788	214.142212291563	1
MAN1A1	1	1	1	1	1	1	1	295.373582794681
MAN1A2	1	1	1	1	447.955091284487	1	1	307.599273736787
MANF	1	1	1	1	1	1	1	630.404032279706
MAP1LC3B	1	1	1	205.528384122784	1	1	102.698685439776	240.300545903433
MAP2K1	1	1	1	1	1	171.407274606997	1	1
MAP2K2	1	1	1	1	1	1	135.121711768832	1
MAP3K2	1	1	1	243.758857722384	1	1	182.424573286111	1
MAP3K8	1	1	1	1	1	228.69795225605	162.611500824078	1
MAP4	222.166131678179	1	1	1	1	1	1	1
MAPK1	1	1	1	1	347.181564383139	1	1	1
MAPK1IP1L	1	1	1	1	1	1	322.279196753654	1
MAPRE1	1	1	1	1	1	1	85.9528435674843	1
MARCH1	1	1	1	1	1	1	253.001517406347	1
MARCKS	299.444780992628	487.897499892079	401.589108705886	733.195190759011	1	209.564424876629	1	1
MARCKSL1	315.507995901071	1	1	1	1	1	1	1
MARCO	1	3803.60480500957	1	369.239619480148	1	1	1	1
MAT2A	1	1	285.015718850029	1	1	1	1	1
MATR3	242.836091152055	1	1	1	1	197.6915126842	1	1
MAZ	1	1	1	1	1	1	290.410912638775	1
MBD2	1	278.909747730654	306.04633507214	1	1	171.833866603642	266.898008480163	259.244624519554
MBNL1	1	1	1	283.56846013057	544.643307600933	348.298939196033	176.271299742619	1
MBNL2	1	1	1	1	1	1	1	181.729515276244
MCAM	354.762553331663	1	1	1	1	1	1	1
MDH2	208.700239461324	1	1	1	1	1	104.705469811179	235.385693624241
MECOM	256.422454714449	1	238.439677917328	1	1	353.364963038391	542.793459353077	222.480293624031
MEF2A	1	1	1	1	1	192.226917930464	1	1
MEF2C	1	1	1	1	1	319.148336541942	1	205.296988619342
MEI1	1	1	1	1	1	1	1	402.657410360159
METRNL	1	261.909703569031	588.443542980475	269.337968799738	1	371.251795283658	289.54162660057	1
METTL7A	193.110229904173	311.910700900168	1	1	1	245.081899408264	233.299889071791	391.976800437656
MFSD1	1	484.787622137287	286.483245615723	412.465282866137	1	285.747031218818	111.794052293318	1
MFSD2B	1	1	1	1	1	1	273.635230948512	1
MGAT1	1	433.979126956101	453.102790090666	518.903141561627	1	305.655316562286	173.547367969808	205.804963499625
MGP	3011.49269769375	1	1	1	1	1	1	1
MGST2	217.399943767477	1	1	1	1	1	1	1
MGST3	401.679331164662	1	1	242.413206090133	1	1	1	1
MIDN	1	1	1	1	1	1	352.997531944106	1
MIS18BP1	1	1	1	1	1	1	132.101204778362	1
MKNK2	1	1	1	1	1	1	148.397329223296	1
MLLT6	1	1	1	1	244.277043849689	1	1	1
MNDA	1	1	1	232.484230949765	1	272.83449344493	189.80535160692	1
MOB1A	1	1	304.516819686445	354.206143802436	1	315.826733599124	160.731398909707	1
MORF4L2	241.691242347685	1	1	1	1	1	1	1
MPC1	1	1	1	1	1	1	1	173.856870306262
MPC2	292.449401101917	1	1	1	1	1	1	1
MPEG1	1	1189.39499579485	596.322829107309	422.346610806499	1	427.829033496997	2024.58170144128	1
MPP1	1	197.63596703917	1	1	1	1	1	1
MRC1	1	800.61281892409	1	1	1	1	1	1
MRFAP1	370.445227775769	1	1	1	1	1	114.149715267322	1
MRPL33	195.233115557383	1	1	1	1	1	1	1
MRPS21	194.249176178769	1	1	1	1	1	393.194141124099	237.963818190278
MS4A4A	1	616.684141918896	1	258.292738059736	1	1	1	1
MS4A6A	1	2041.23048110245	572.6011472797	1038.80879825549	1	1229.06967553192	195.737310772038	1
MS4A6E	1	2738.4917675747	568.464234116079	1039.09968049395	1	462.339542843013	1	1
MSR1	1	367.542437984988	1	406.237200705817	1	1	1	1
MT.ND6	212.033922789172	329.960959566975	1	1	1	1	125.754084376767	1
MT1E	670.198591576231	1	1	1	1	1	1	1
MT1X	432.663101544876	1	1	1	1	1	1	1
MTPN	1	1	271.782296386229	1	1	281.421442072796	190.053878208921	1
MTRNR2L6	1	1	1	1	1	1	160.26885491294	1
MYADM	438.125605993836	1	378.571871334889	220.256861753639	1	238.293268636214	540.508502865617	1
MYC	239.424993866991	1	1	1	1	1	1	1
MYD88	1	1	1	1	1	1	325.766232944741	1
MYDGF	177.257348741037	1	1	1	1	1	1	627.452492865434
MYH9	948.950702279707	1	465.865322832142	467.90898758468	787.863766071281	469.386196856575	454.604599005424	139.420621522641
MYL9	893.406034291061	1	1	1	1	1	1	1
MYO10	263.198818046315	1	1	1	1	1	242.406070921742	368.003484625735
MYO1C	273.609862031135	1	1	1	1	1	1	1
MZB1	1	1	1	1	1	1	1	3415.02158895301
MZT2A	190.415872581884	1	1	1	1	1	297.724840419894	1
MZT2B	314.295295533523	1	1	239.175347403914	398.131580948251	265.154449645188	434.75343831926	243.375478028644
NAAA	1	1	1	1	1	1	477.015873407943	1
NAGA	1	1	1	1	1	1	194.247114452731	1
NAGK	1	322.352172796173	1	246.241205641835	1	1	1	1
NAMPT	1	535.875428423171	1155.46010455826	411.885802878202	1	459.3963817673	292.937630128927	1
NBEAL2	1	1	1	1	1	1	248.738552642033	1
NBPF14	1	1	367.922269516234	1	1	1	166.618261032923	1
NBPF15	1	1	1	1	1	1	211.109626590917	1
NBPF19	1	1	292.148821422596	195.720859640703	1	1	108.541050907523	215.490011952224
NCF2	1	1	474.711039435604	283.63470767596	1	170.496684057912	1	1
NCKAP1L	1	291.785528554614	1	237.49052258796	1	185.876875398161	1	1
NCOA3	1	1	1	1	1	1	1	248.35890143263
NCOA4	226.222221879466	516.81818613779	437.285028592841	483.219295147627	1	514.357428291297	93.0237406650442	1
NCOR1	1	1	1	1	1	1	145.274817267882	1
NCOR2	1	1	1	1	1	176.023135968048	1	1
NDFIP1	248.147875654519	1	1	212.011219031069	1	178.344511269074	149.435484754708	303.735335549979
NDRG1	304.531548234305	1	1	1	1	1	1	1
NDUFA1	534.538170864977	233.431358476243	413.486559300592	380.78920518811	1	292.572037186575	233.163435876006	672.442512919618
NDUFA12	194.953723923795	1	1	1	1	1	1	1
NDUFA13	317.705402284615	1	306.361059776429	231.935729969453	1	209.978241169609	254.747917534679	324.747803294301
NDUFA2	217.727247249741	1	1	222.855808929059	1	1	293.575455206333	141.512369549574
NDUFA3	1	1	1	1	1	1	1	272.186106937028
NDUFA6	206.706954379371	1	1	1	1	1	1	202.913304156844
NDUFAB1	189.636747405022	1	1	1	1	1	163.978858593538	1
NDUFB1	1	1	1	1	1	1	230.618949071474	1
NDUFB10	208.492605696897	1	1	1	1	1	1	172.184161364824
NDUFB11	213.006506840523	1	1	1	1	1	1	385.311506051937
NDUFB2	287.368387721263	1	1	243.813311785423	1	187.380026659895	236.937906809835	1
NDUFB3	190.459962847717	1	1	1	1	1	1	1
NDUFB4	439.309672654797	1	1	258.186827710033	1	191.532212549251	321.057686595418	453.338214062533
NDUFB5	1	1	1	1	1	1	109.37093574246	1
NDUFB7	269.002393783818	1	1	1	1	1	1	272.667343357185
NDUFB9	321.119786467895	1	1	1	1	1	1	320.322911464496
NDUFC1	292.350368258385	1	1	1	1	1	119.404545850562	1
NDUFC2.KCTD14	245.479145379667	1	1	1	1	1	232.44734984944	267.742710017019
NDUFS4	184.09919400541	1	1	1	1	1	151.53624033967	1
NDUFS5	340.548697661091	1	1	1	1	1	1	298.201365349466
NDUFS6	216.292668503046	1	1	1	1	1	168.778439522334	1
NDUFV2	227.067559762777	1	1	1	1	1	385.329788578681	1
NEDD8.MDP1	248.637855879916	1	1	219.144667476197	1	1	249.270028906099	435.394305435975
NEDD9	269.547176010935	1	1	1	1	1	1	1
NENF	1	1	1	1	1	1	189.897852639938	255.498040944027
NET1	1	1	1	1	1	1	453.247855263223	1
NFATC2	1	1	1	1	1	1	254.634657781128	1
NFATC3	1	1	1	1	1	1	75.8738530771739	1
NFE2L2	242.385572352814	263.441689586436	425.646258325866	294.553423599787	1	351.788532931457	1	1
NFIA	216.887408813019	1	1	1	1	1	1	1
NFIB	292.753550218041	1	1	1	1	1	1	1
NFIC	255.852638879966	273.466711402966	1	1	1	1	1	1
NFKB1	1	1	1	1	1	252.632188982883	1	1
NFKBIZ	1	1	505.613412086275	349.926545810222	327.56343914854	1	1	1
NID1	314.100849751502	1	1	1	1	1	1	1
NINJ1	1	482.637090294221	438.004902022654	301.272469775142	1	1	1	1
NKG7	1	1	1	1	835.081910302754	1	1	1
NLRC5	1	1	1	1	1	1	147.356117391414	1
NLRP3	1	1	329.195911275347	1	1	268.481133914043	1	1
NNMT	389.677000105428	1	1	1	1	1	1	1
NOMO2	1	1	1	1	1	1	1	196.523533106014
NONO	308.667558838963	1	1	1	1	226.452121097617	300.412751713937	153.671208535039
NOP10	187.477781879331	239.463080017608	212.650809350478	246.753270053958	1	1	1	1
NOP58	1	1	1	1	1	1	263.399685379107	174.194890279308
NPAS3	1	1	1	1	1	1	1	470.629430212709
NPC2	288.497292599711	1591.352210479	1044.16117214999	1837.48722841369	1	1126.13920076592	102.067378353824	644.157698204189
NPIPB12	272.925133825735	1	1	1	329.367846762021	167.95071455058	217.285241250625	1
NPIPB13	1	1	1	1	1	1	215.519415563804	1
NR2F2	377.13125905171	1	1	1	1	1	1	1
NR4A2	1	287.577663833353	984.845757603267	776.333973840123	964.128373825947	967.695311340158	368.230936499379	301.372808490243
NR4A3	1	1	279.701960552697	265.669319675664	1	836.332471146707	473.913130742207	1
NRDC	1	1	1	1	1	1	277.71863251642	1
NRP1	1	250.388653802772	1	1	1	1	1	1
NSMAF	165.305835606393	1	1	1	284.345674009619	200.446320498805	192.540086704755	216.062269546587
NUCB1	201.647073200084	1	1	1	1	1	1	1
NUCB2	217.065943080535	1	1	1	339.311477161321	177.034813039916	177.556568045781	825.37978319512
NUCKS1	551.869055011811	305.249184564291	1	343.017335388007	540.971272352764	283.864491273051	276.472751977801	1
NUDT16	1	1	1	1	1	197.33204789548	1	1
NUDT3	1	1	1	260.45767297819	1	275.488520644152	1	1
NUFIP2	1	1	1	1	1	1	227.881538498449	1
NUPR1	1	1	1	274.65420663557	1	1	1	1
OCIAD1	194.069398057561	1	1	1	1	1	1	1
OCIAD2	184.602298705446	1	1	1	1	1	1	1
OGFRL1	1	1	1	345.416846699212	1	489.335263059628	1	1
OLR1	1	1	296.436530553778	525.559332444685	1	371.597395742791	1	1
OOEP	254.918594661946	1	391.359110921406	243.533641905822	580.379672795113	503.288889992221	308.661178174175	281.524367974084
ORAI2	1	1	1	1	1	1	1	303.928310664606
ORM1	1159.48649482147	1	1	1	1	1	1	1
OS9	243.840457799329	245.184165467853	1	281.737727995508	1	203.665449958035	148.373675292887	613.752260323645
OSTC	182.057260974716	1	1	1	1	1	209.931377777474	325.116354633824
OXA1L	1	1	1	1	1	314.852723812151	161.220679535249	205.19744037944
OXSR1	1	1	1	1	1	1	154.853543710219	1
P2RY13	1	289.591195399664	1	1	1	1	1	1
P2RY14	1	1	1	1	1	1	109.192197494462	1
P4HB	499.940154266285	319.888281566766	293.9154528069	366.888812082055	262.295161134319	253.690487503664	1	861.81965021738
PA2G4	1	1	1	1	1	1	330.573734343532	1
PABPC4	1	1	276.822199188028	313.540736492868	1	323.594180646037	1	186.575140098661
PAG1	1	267.43824626925	1	1	1	1	1	1
PAIP2	1	1	1	1	1	200.790650285192	201.953876043625	1
PAK1	1	1	1	1	1	262.925484868374	253.122223729385	1
PAK2	1	252.100129632267	244.894540591582	244.42651788353	344.438062467499	154.05831618292	245.508491255213	1
PALM2.AKAP2	281.892813331717	1	1	1	1	1	1	1
PAPOLA	211.773734782732	1	277.156814282711	1	1	1	1	291.985639065674
PARK7	259.351209179375	1	1	1	292.502474216147	248.661679842983	171.97993798672	237.986281172068
PARP1	1	1	1	1	1	1	229.146512631067	1
PARP14	1	301.526165077011	1	1	1	1	1	1
PARP8	1	1	1	1	316.557834618311	1	1	1
PARVG	1	1	1	1	1	1	107.68017192865	1
PBXIP1	1	1	1	1	278.078795380249	1	1	1
PCDH11X	320.43279030518	1	1	1	1	1	1	1
PCM1	210.184197801745	1	1	1	1	1	145.481959982534	1
PDCD4	1	1	1	1	462.117924704022	1	211.03723264476	1
PDCD5	183.096985763853	1	1	1	1	1	1	1
PDE4B	1	1	1	1	1	1	302.045411403168	1
PDIA3	361.981466287757	275.569851533789	1	306.366685316925	1	240.361114051885	288.261007659692	535.534979378681
PDIA4	1	1	1	1	1	1	130.734677476169	604.578935331264
PDIA6	283.563796005456	1	1	279.500812208931	1	196.941313455129	1	673.388615610293
PDK1	1	1	1	1	1	1	1	181.725608120717
PDK4	595.862021407222	1487.32722224718	1	381.154377393768	1	1	1	1
PDLIM1	577.257421964767	1	1	1	1	1	1	1
PDLIM5	301.496442727938	1	1	1	1	1	1	1
PEA15	261.530044220018	1	1	464.532596239324	1	443.991100916631	1	1
PELI1	1	1	1	1	1	1	1	429.157607497613
PER1	1	1	1	1	1	244.601804946503	1	1
PERP	314.864403939221	1	1	1	1	1	1	1
PET100	1	1	1	1	1	1	1	261.705816036834
PEX11A	177.633732447851	1	367.703707971962	1	344.788473492514	296.762832658793	242.245062396853	206.218857336221
PFKFB3	1	262.865607098806	289.313475350665	214.185177490457	1	193.623272162195	225.689040232116	1
PGLS	1	1	1	1	1	1	219.209023591434	1
PGRMC1	218.818547285941	1	1	1	1	1	1	1
PHACTR1	1	1	347.071093898935	1	1	315.642654888014	101.296773184611	1
PHB2	195.494578530235	1	1	1	1	1	130.673952750747	152.885624277358
PHC2	1	1	371.646641468518	309.155726009917	1	205.552358090194	1	1
PHLDA1	246.592244375947	1	1	1	1	1	1	1
PHPT1	1	1	1	1	1	1	1	172.640148305193
PICALM	241.408414433155	228.74902176727	359.545978663824	315.727728789064	1	402.672546082912	102.158038681983	1
PIK3IP1	1	1	1	1	348.793620012813	1	1	1
PIK3R1	1	1	1	1	740.917581444388	1	1	1
PILRA	1	1	215.941404425598	282.467844702038	1	1	1	1
PIM2	1	1	1	1	1	1	1	1396.12343676248
PIP4K2A	1	1	1	1	709.623759577414	284.920308231381	1	1
PKM	472.978997806556	338.348418569451	994.993556224367	911.712515757893	357.738953404067	621.586248677054	298.368007612605	1
PLA2G7	1	1	1	260.531241676617	1	1	1	1
PLAC8	1	425.067508288989	1	1	1	1	1	1
PLAUR	1	1	1046.5189436343	555.697751083506	1	527.082992137432	290.050038084644	1
PLD3	1	1558.28028678939	1	635.162790561935	1	1	1	1
PLEC	241.500681980296	1	1	1	1	1	1	1
PLEK	1	630.847025030306	494.775935557856	336.785953865978	1	377.469123101779	324.923686459852	1
PLEKHA2	1	1	1	1	1	1	200.254821089088	247.984555611726
PLEKHB2	1	1	1	1	1	1	203.113230407829	1
PLEKHO1	1	1	1	267.789833259048	1	295.521496570046	388.131515866892	1
PLIN2	220.094624566437	712.835495297586	733.358685848406	1065.02856312376	1	286.047238962677	1	1
PLP2	1	1	1	1	1	1	116.289309699377	354.57809847624
PLPP1	412.748316269695	1	1	1	1	1	1	1
PLPP5	1	1	1	1	1	1	1	457.063566315903
PLSCR1	1	1	1	1	1	230.377687791701	1	1
PLTP	1	392.702336863362	1	455.664201404674	1	1	1	1
PLXDC2	1	1	363.498948329251	530.235585213214	1	339.903328996948	1	1
PMEPA1	245.548455431333	1	1	1	1	1	1	1
PNN	214.099449812365	1	1	1	1	1	1	1
PNRC2	1	1	1	1	1	1	94.9475557386027	1
POLE3	1	1	1	1	1	1	184.308120231108	1
POLR2B	1	1	1	1	1	1	180.024269768911	1
POM121	1	1	1	1	1	1	128.388822051091	1
POMP	325.184521664177	1	1	347.633763084219	1	237.309732530983	257.629540177546	207.149344217816
PON2	180.901165772463	1	1	1	1	1	1	1
POU2AF1	1	1	1	1	1	1	1	957.645158454407
POU2F2	1	203.464981735043	1	1	1	1	1	1
PPA1	207.707244802054	1	1	1	1	289.852294447165	493.596898787775	1
PPIB	248.051555307916	1	1	1	1	1	287.275850721375	531.317559491683
PPIF	1	1	301.776054221974	1	1	1	1	1
PPIG	243.526131879378	210.02999587923	1	1	1	246.876347721454	1	330.315716209244
PPM1G	1	274.606986029429	513.590578634519	332.262719383661	242.489156036674	229.401024910383	148.098623415284	1
PPP1CA	1	1	1	1	321.750688469334	196.924586311655	1	235.354315740775
PPP1CB	248.801470849404	1	313.940916430671	1	315.046748116237	310.791873115217	303.043221401619	1
PPP1R12A	1	1	1	1	1	1	107.100149525222	1
PPP1R14B	1	1	1	1	1	1	114.07633754692	1
PPP1R18	1	1	1	1	271.373912588761	1	1	1
PPP1R7	1	1	1	1	1	1	109.21403736434	1
PPP2R5C	1	1	1	1	368.166272341352	1	1	189.572278603228
PPT1	1	652.442241086548	482.412693591546	819.442675831413	1	561.206387479593	827.194117045948	1
PRCP	352.416835212893	360.735259075648	1	1	1	206.501654081131	336.698917015062	1
PRDM1	1	1	1	1	726.901452488456	1	1	761.006828234401
PRDX1	401.410024688683	487.24586087732	216.087399974402	630.482750036335	1	1	236.669647246348	401.583533932021
PRDX3	1	1	1	1	1	1	187.228152075069	1
PRDX4	153.764534198387	1	1	1	1	1	1	1318.33861927823
PRDX5	236.563800200772	1	1	1	1	1	1	1
PRDX6	350.994546924618	1	1	1	1	1	1	1
PRELID1	191.222668268957	222.060029406861	456.049053061588	1	1	245.496308924028	1	1
PREX1	1	1	1	1	1	191.004372950806	306.30496771782	1
PRF1	1	1	1	1	485.751421951365	1	1	1
PRKAR1A	268.568708501208	1	1	1	1	1	281.342112232365	1
PRKCH	1	1	1	1	563.64863436866	1	1	1
PRMT2	1	1	1	1	1	1	102.720379368078	1
PRNP	1	303.790251620917	1	1	1	1	1	1
PROS1	175.469313584934	1	1	1	1	1	1	1
PRPF40A	209.662857733991	1	278.946202282165	1	1	1	205.901100619231	1
PRPF8	1	1	1	1	1	1	168.181507174109	1
PRR13	1	231.75880020726	1	193.817087233523	1	1	1	1
PRSS23	431.591303357869	1	1	1	1	1	1	1
PSMA4	204.200141530946	1	1	1	1	1	142.486330064247	1
PSMB3	1	1	1	1	1	1	98.4697845128793	1
PSMB4	334.708277835535	1	1	190.812112330286	407.503019234967	206.874910539039	344.142362083582	232.735816998152
PSMB6	188.26889713606	1	1	1	1	1	1	1
PSMB7	210.038536015032	1	1	1	1	1	1	1
PSMB8	1	1	1	1	215.672423273699	1	191.042952881914	1
PSMB9	1	1	1	1	1	1	484.943875426817	1
PSMD7	1	1	1	1	1	1	246.250759780536	1
PSMD8	210.556234588841	1	1	1	1	1	1	268.199567510659
PSME2	1	351.961440698559	361.291545460568	243.155876036187	1	215.239751604107	403.326461046593	230.820863718173
PSMG2	1	1	1	1	1	1	146.088018576372	1
PTAFR	1	230.626387687081	1	1	1	1	1	1
PTBP1	219.353439563328	1	1	1	1	202.56400073292	193.41543893737	1
PTBP3	1	1	269.752760558249	1	1	1	117.799065235261	1
PTDSS1	1	1	1	1	1	1	94.4647656357283	1
PTEN	211.383001353701	227.081293141146	394.710222476535	299.796294453411	1	265.73296915524	191.540038927092	1
PTGES3	269.059354033075	1	1	268.369497483906	334.610624447903	153.777625678486	449.93270514261	1
PTMS	216.360450541475	1	1	1	1	1	1	1
PTP4A1	334.602898032389	1	1	1	1	1	1	1
PTPN1	1	1	1	1	1	1	1	212.642043269084
PTPN2	1	1	1	1	1	1	86.8190254631291	1
PTPN6	1	243.197408309282	1	253.909814769781	1	213.864173128345	1	1
PTPRB	378.543721809883	1	1	1	1	1	1	1
PTPRC	1	413.299044991036	744.948144707862	438.35806388598	1164.39299095893	471.182478430864	670.206681186687	1
PTPRE	1	1	483.80346194779	1	1	290.96807839991	803.420288860812	1
PTPRF	171.798979875458	1	1	1	1	1	1	1
PTRHD1	1	1	1	1	1	1	140.124153532034	1
PTTG1IP	420.540768592358	332.190246925113	1	328.740390745251	1	189.525017147139	255.950445947843	1
PYCARD	1	1	1	1	1	1	246.503007887058	1
QARS	1	1	1	1	1	1	291.14699617819	1
QKI	1	247.853057722323	1	263.390353820821	1	314.565242758651	1	1
RAB10	1	240.866688927752	1	1	1	1	1	1
RAB11A	273.324248461838	1	1	1	1	1	199.249352196946	1
RAB11FIP1	1	1	1	1	1	1	237.98753491946	1
RAB13	225.821306060108	1	1	1	1	1	1	1
RAB1A	226.698922170608	1	1	194.697017633893	1	1	1	1
RAB20	1	222.888081162684	1	1	1	1	1	1
RAB29	1	1	1	1	1	1	137.311340396549	1
RAB2A	250.260197782271	1	1	1	1	1	1	1
RAB31	1	700.26121660977	720.679813728986	619.620055330269	1	549.870672809746	281.452739793814	1
RAB32	1	1	1	1	1	1	161.001598185566	1
RAB3D	185.467152253616	1	1	1	1	1	1	157.249932568796
RAB7B	1	1	1	1	1	1	206.773426731608	1
RAB8A	1	1	1	1	1	1	164.06097137988	1
RABAC1	1	1	1	1	1	1	1	612.735373320939
RAC2	1	1	304.115958523769	1	806.916722823439	290.647847306185	1	375.396390149488
RAD23A	203.285781851101	1	1	1	1	1	134.805958077426	258.022372439747
RAD23B	1	1	1	1	1	1	166.938094601227	1
RALA	1	1	1	210.965223680292	1	194.994112642827	201.365649464466	1
RALY	1	1	1	1	1	1	212.244356848471	219.145565788503
RAP1A	1	1	299.340630144	255.415722263573	1	294.38496951743	317.784700799712	1
RAP1B	1	239.383537044788	273.992780628186	227.837121617174	1	1	1	1
RAP2B	1	354.447757968267	1	243.201802962702	1	1	1	1
RARRES2	312.308525001739	1	1	1	1	1	1	1
RARRES3	1	1	1	1	474.207876648308	1	1	1
RASGEF1B	1	268.335974964642	1	1	1	1	1	1
RASSF2	1	1	1	1	1	204.208491620283	231.731931627558	1
RASSF4	1	1	1	282.340128890483	1	1	1	1
RASSF5	1	1	313.495874050812	1	298.935867056737	264.70685018544	159.67801206392	1
RBBP6	1	1	1	1	1	1	135.341082987081	1
RBM17	1	1	1	1	1	1	148.637310269582	1
RBM25	1	1	1	259.017509584775	347.183299143173	217.927353653522	1	1
RBM39	338.187926078254	1	1	244.847155564448	457.052185885009	234.166357442179	1	1
RBM47	1	213.317959524434	1	1	1	1	280.753693514905	1
RBM8A	1	1	1	1	1	1	128.637198795634	1
RBMX	179.825955752255	1	1	1	1	1	1	1
RBP4	1123.44245901684	1	1	1	1	1	1	1
RBP7	1	244.356605204737	1	1	1	1	1	1
RBPJ	1	225.367676890937	247.340805268252	257.401066118599	352.058724741043	351.677779381369	259.05327614474	1
RBPMS	245.084068520613	1	1	1	1	1	1	1
RC3H1	1	1	1	1	1	1	243.698963749648	1
RCC2	1	1	1	1	1	205.118710135317	1	1
RCSD1	1	1	1	1	213.622894632559	1	1	1
RDX	277.654449775556	1	1	1	1	1	1	1
REEP5	267.239487263254	1	1	231.470141399843	1	1	170.974402730276	479.254563905511
REL	1	271.898791627444	543.296185172973	445.252142236983	456.431519731847	651.497688554165	283.555222646561	1
RGCC	1	1	1	226.968870984665	366.130526949888	469.291103110336	1195.50137403557	1
RGL1	1	614.986436667213	1	1	1	1	1	1
RGS1	1	1609.15566769995	442.693366905133	3680.49836679595	1463.02555453958	2727.59304701976	954.245432013613	1611.41360130838
RGS10	1	1	1	468.789282455677	1	529.18358963682	1009.33614980359	1
RGS5	981.869397373968	1	1	1	1	1	1	1
RHEB	1	1	1	1	1	1	100.740605283513	1
RHOB	874.617942205528	451.635572727493	359.023089744625	573.961536358006	1	452.638220226516	1	259.778416539608
RHOC	404.696656096577	1	1	1	1	1	1	1
RHOF	1	1	1	1	1	1	122.774102645886	1
RHOG	1	218.434274206327	356.421983857772	384.733711431856	1	296.745625900868	136.207955368082	1
RHOH	1	1	1	1	1	1	1	214.143141689847
RHOQ	1	1	1	186.613668385567	1	1	1	1
RILPL2	1	1	592.442688858431	1	1	344.014724629188	136.64396284128	1
RIN3	1	340.688113584612	1	283.381400991235	1	283.326943471348	192.570601693866	1
RNASE1	398.708056859055	1	1	414.490768745837	1	1	1	1
RNASE4	245.746025506342	1	1	1	1	1	1	1
RNASE6	1	1	1	267.101805513667	1	472.048369814301	404.306684578474	241.887453738164
RND3	1	291.439237947544	1	1	1	1	1	1
RNF13	1	1	1	222.49536537341	1	1	1	1
RNF130	173.394763792566	639.239990956199	432.677917174853	674.223037684959	1	572.467025354267	1	1
RNF144B	1	1	392.624663031965	1	1	238.061525049356	1	1
RNF149	1	333.814459093765	334.956798477847	238.857331252236	1	285.109380994932	314.8667533271	1
RNF157	1	1	1	1	230.603161302373	1	105.095241878309	341.263386909853
RNF213	1	1	1	1	450.226073209706	1	1	1
RNH1	1	1	1	249.499836578753	1	200.068490811349	297.15820242493	1
ROCK1	1	333.825732361293	459.229828795219	304.999922805499	270.015292764128	358.426490434725	231.46672278801	1
ROCK2	241.966324472558	1	1	1	1	1	1	1
ROMO1	333.127604069299	1	1	1	1	1	181.044632596977	307.534593542997
RORA	1	1	1	1	292.934564292383	1	1	1
RPL22L1	1	1	1	1	1	1	1	274.294806587365
RPL39L	1	1	1	1	1	1	127.847997619905	1
RPL7L1	175.456171289997	1	1	1	1	1	1	1
RPN1	1	1	1	1	1	1	1	309.279979859469
RPN2	275.600145211297	294.856806233868	1	234.00444240654	1	224.92324850175	1	717.841675258341
RPS27L	432.548282644686	248.831533583306	1	274.896425082549	1	1	226.813717855631	275.759760665534
RPS4Y1	1	1	1	1	388.995913175502	1	1	1
RPS6KA3	1	1	1	1	1	1	125.364525213434	1
RRBP1	274.200517941076	1	1	1	1	1	1	322.180945812394
RSL1D1	230.027116400464	276.517553679291	264.696369717717	279.346747690565	1	221.149976101074	1	1
RTN3	1	1	1	257.729173707064	1	1	1	159.626628561391
RTN4	553.956694497553	495.691188498083	398.363125968603	586.981244557459	1	406.823799135066	388.207628558653	1
RTRAF	203.742730894881	1	1	1	1	193.28646247357	1	179.871605228565
RUNX3	1	1	1	1	748.771128307775	1	1	1
S100A10	1179.12079133197	1	1298.33518456411	1025.77242626127	395.95366652758	795.663715595444	1851.3477700322	1
S100A11	914.488994390078	1088.74146917245	1512.06058491791	2205.56104599032	390.365463285282	1259.38770333834	418.499695840031	1
S100A16	293.47432020739	1	1	1	1	1	1	1
S100A4	1	1	1689.01526392112	949.378696012733	1439.76250996017	852.676361627788	1	1
S100A6	1715.22134461254	1	2404.00519082293	1586.6679335978	875.154594256765	1034.26756704278	554.813215411154	376.165712413524
S100A8	1	1	2122.13509859009	1	1	1	1	1
S100A9	1	1	2889.88126672522	1	1	1	1	1
S100B	1	1	1	1	1	1	319.371121363873	1
SAMHD1	1	919.576691541879	834.266667962362	738.395899450749	341.866913587633	936.002517270745	1115.17584007968	1
SAMSN1	1	1	572.187784817627	224.261113781749	1	219.228450400274	1	1
SAR1A	1	1	1	1	1	1	1	163.988455541073
SAR1B	1	1	1	1	1	1	1	215.866575154098
SBDS	317.250750890559	1	1	1	1	1	1	1
SCAMP2	1	229.790558061021	1	1	1	1	1	1
SCARB2	290.20358892912	530.681270480672	1	305.206343566021	1	1	1	268.388397107813
SCD	1	456.295306513786	1	332.721307802485	1	1	1	1
SCIMP	1	283.097734147885	1	1	1	1	1	1
SCO2	1	410.94600094298	552.685061043714	524.832462106784	1	306.980688909748	417.009957361129	1
SCP2	286.398822367791	1	1	1	1	1	1	1
SDAD1	1	1	1	1	1	1	200.728611955645	149.339141255094
SDC1	1	1	1	1	1	1	1	476.687841274248
SDC3	1	1133.33215752033	1	1	1	1	1	1
SDC4	201.034700762287	1	1	1	1	1	1	1
SDCBP	269.679190936056	385.149279694995	421.843626744573	562.78144155846	1	289.237858279178	1	1
SDF2L1	1	1	1	1	1	1	1	565.203684851742
SDF4	1	1	1	1	1	1	1	290.918226999792
SDHB	164.894631021624	1	1	193.656623610192	1	1	1	1
SDS	1	1	1	298.837040685564	1	1	1	1
SEC11A	227.560971454947	1	1	235.013562785262	1	271.770696854911	255.84664265335	1
SEC11C	1	1	1	1	1	1	1	2130.0723695897
SEC13	1	1	1	1	1	1	1	330.378699700855
SEC14L1	293.976171939447	1	228.11901406898	258.128841481582	1	234.559339512861	179.134933253652	550.569979930823
SEC31A	291.744544023325	1	1	1	1	1	168.917382100779	1
SEC61A1	1	1	1	1	1	1	1	201.865763474682
SEC61B	278.499536681421	1	1	230.94267145486	313.968753276698	250.790725638109	75.4603655547798	1150.97030292845
SEC61G	220.87705175342	1	1	1	1	1	1	667.869430900745
SEC62	489.523407305165	253.705148394755	1	187.662873998843	301.797463039114	1	1	682.743336894535
SEC63	1	1	1	1	1	1	1	208.727293718699
SECTM1	1	212.74260881173	260.710317676121	1	1	1	1	1
SEL1L	1	1	1	1	1	1	1	497.494957523735
SEL1L3	1	1	1	1	1	1	1	633.204864262306
SELENOF	252.574677265508	1	1	1	1	1	146.902323751829	317.268279595545
SELENOK	1	1	1	1	242.116726387158	210.518822566637	1	778.162490634236
SELENOM	1	1	1	1	1	1	1	247.02142857666
SELENOP	744.676111482172	1756.58286168328	1	381.738802640711	1	1	1	1
SELENOS	1	1	1	1	1	1	1	527.742358925002
SELENOT	1	1	1	1	1	1	1	209.100541976804
SELENOW	434.986374515252	1	1	200.873235430289	1	1	1	1
SELL	1	1	1	1	1	1	215.700920609246	1
SELPLG	1	1	1	1	1	1	343.734596528846	1
SEM1	287.149121858212	1	1	1	1	1	206.990064802551	1
SEMA4A	1	1	1	1	1	1	295.402007102206	1
SEPHS2	186.018707656216	1	1	1	1	1	279.560305266982	1
SEPT2	387.897465048058	228.704306257745	1	313.08560670265	1	248.220734897949	1	1
SEPT6	1	1	1	1	334.771639185237	187.311665292781	237.822465964793	181.127329692162
SEPT7	314.114205429733	1	1	1	314.142521677297	1	205.304042675374	1
SERINC1	213.820962659412	1	1	1	1	1	1	1
SERINC3	240.6098569833	1	1	1	1	1	1	1
SERPINA1	3271.38839418075	664.692382426297	1348.33201937407	897.573708070966	1	721.412125233874	1	311.264721177604
SERPINB1	1	1	471.875935275415	256.283806091902	1	289.973914975533	540.687596647463	1
SERPINB6	1	201.363404736087	1	1	1	1	126.470099132843	1
SERPINB9	1	1	1	1	1	324.107341040362	413.076963471116	1
SERPINE1	502.877363735171	1	1	1	1	1	1	1
SERPINF1	1	1	1	1	1	1	138.825968403219	1
SERPING1	1051.79776499358	682.662716828587	1	266.391341633031	1	1	1	1
SERPINH1	294.720699415716	1	1	1	1	1	1	1
SETD2	1	1	1	1	1	1	344.349262265796	1
SETX	1	1	1	1	1	1	123.789840714935	1
SF1	206.712180172244	205.052176888271	205.712616219172	1	350.100617959447	191.970548506909	315.96231278711	1
SF3B1	255.362069599617	1	1	201.641857700593	1	1	1	259.063815247963
SF3B2	188.306260100009	1	1	1	1	1	1	1
SF3B5	1	1	1	1	1	1	1	204.157103983279
SF3B6	196.520334998806	1	1	1	1	1	1	1
SFT2D2	1	1	1	1	1	1	231.312928350732	1
SGK1	268.148831882524	427.37482452845	260.063961104495	933.147217994093	1	1190.27612984913	505.781302786493	1
SH2B3	1	1	1	1	1	255.983578857452	155.909632999582	1
SH3BGRL	1	1	331.030250635753	313.86618561814	1	279.135546856877	152.072716325949	1
SH3BP5	1	379.968669353619	335.874811671336	228.44014459427	1	210.080098342626	1	1
SH3GLB1	208.393546338986	1	1	1	1	1	1	1
SH3KBP1	1	1	1	1	299.095940727542	247.9828126187	1	223.32856418457
SHTN1	1	1	1	1	1	1	398.778372169261	1
SIGLEC1	1	401.312252932362	1	1	1	1	1	1
SIGLEC10	1	1	1	1	1	177.631099008529	250.602778931185	1
SIGLEC5	1	224.289602425183	1	1	1	1	1	1
SIK1	1	1	1	1	1	240.564050534648	1	304.021677828087
SIL1	1	1	1	1	1	1	1	216.180986810429
SIRPA	1	1	1	287.509317631407	1	167.237034295924	1	1
SKAP2	1	1	1	201.938627639315	1	1	249.380211095614	1
SKP1	511.145864291226	1	1	251.784573192953	291.229098103174	171.641163448563	1	230.427081343435
SLA	1	605.823802487905	541.76315861316	553.180099614236	661.022998956198	244.274140328195	1	1
SLAMF7	1	1	1	1	1	1	411.14859265475	1146.02230866078
SLAMF8	1	1	1	190.15771129843	1	1	261.459166958152	1
SLC11A1	1	1	550.869066889445	1	1	1	1	1
SLC12A2	233.094068667515	1	1	1	1	1	1	1
SLC12A3	1	1	1	1	1	1	209.094558701886	1
SLC15A3	1	286.027424468714	1	465.857177427576	1	186.730177679243	1	1
SLC1A3	1	1	1	309.559576673494	1	1	1	1
SLC24A4	1	1	1	1	1	1	181.44373687009	1
SLC25A37	1	1	434.418507792988	1	1	1	1	181.299030273953
SLC2A3	1	1	903.11306276785	353.094376751833	498.236175390353	509.667025060003	282.209231866471	1
SLC31A2	1	252.861540807625	1	191.297744896233	1	1	1	1
SLC38A1	1	1	1	1	473.722289482285	1	84.2832292364971	1
SLC38A10	1	1	1	1	1	1	1	205.181982579466
SLC38A2	383.519265175392	1	1	1	1	227.980185386467	168.0343601494	209.309054867952
SLC3A2	1	1	1	1	1	1	1	252.504989847404
SLC40A1	271.664180025543	2219.43301298518	1	499.393744911536	1	1	1	1
SLC43A2	1	1	295.347729865381	1	1	1	1	1
SLC44A1	1	1	1	1	1	1	1	208.10481776083
SLC7A7	1	250.152719632882	1	284.770665802194	1	1	1	1
SLC8A1	1	1	1	213.589276263204	1	1	1	1
SLCO2B1	1	362.925861824823	1	304.08758578703	1	1	1	1
SLFN5	1	1	1	1	369.941973559118	1	1	1
SLIRP	228.880762504425	1	1	1	1	1	180.146372167628	1
SLTM	1	1	1	1	1	1	119.910522382252	1
SMARCA4	395.616707864634	1	1	1	651.263256980848	1	1	1
SMARCA5	1	1	1	1	1	1	249.829180932524	1
SMARCE1	195.492338265287	1	1	1	1	1	1	1
SMCHD1	1	1	1	1	334.084017398163	1	1	223.408824751712
SMCO4	1	1	1	1	1	1	229.476891990663	1
SMIM26	1	1	1	1	1	1	233.092870525985	1
SMS	1	1	1	253.823927231696	1	1	1	1
SND1	1	1	1	1	1	1	1	353.148374504727
SNRPB	226.072061174375	1	1	1	249.110238304293	194.033233061035	96.8170240346635	1
SNRPD1	1	1	1	1	1	1	215.824565053473	1
SNRPD3	161.586922335186	1	1	1	1	1	1	1
SNRPE	1	1	1	1	1	1	180.594929940858	1
SNRPF	1	1	1	1	1	1	152.30114447033	1
SNRPG	178.187301412965	1	1	1	1	1	1	1
SNRPN	1	1	1	1	1	1	1	329.746940727285
SNU13	195.833146716804	1	1	1	1	1	254.269010685484	165.352621564572
SNX10	1	267.702068486369	1	1	1	1	1	1
SNX3	260.88159837983	1	1	249.848176852794	1	284.134850568404	1942.78687801698	1
SNX5	1	360.138834262864	1	1	1	1	140.986954433903	1
SNX9	1	209.252706980757	1	1	1	1	1	1
SOCS3	1	1	365.197013252229	213.07750041759	1	251.058471626823	1	210.652707686318
SOD1	588.751784504941	237.073941076523	1	228.265007483249	488.127766152362	216.813470862927	183.321430711838	327.925728429083
SOD2	225.577892975136	410.337033007351	1377.70276352978	913.00835297682	1	367.305090490382	1	1
SORL1	1	1	1	287.700240516044	1	181.268741977964	1	1
SOX4	353.295784401667	1	1	1	1	1	1	1
SP100	212.330914929884	1	1	238.051348593474	283.780754175094	343.349724089419	1	234.065835775721
SP110	1	1	1	1	1	1	193.565256988935	1
SPARC	3288.04210992481	1	1	1	1	1	1	1
SPARCL1	850.502732221111	1	1	1	1	1	1	1
SPATS2	1	1	1	1	1	1	1	222.764432475173
SPATS2L	279.751080562408	1	1	1	1	1	1	1
SPCS1	197.651366271541	1	1	1	1	1	113.805277545448	1323.11196775665
SPCS2	1	1	1	1	1	1	285.351385935582	761.694894840775
SPCS3	1	1	1	1	1	1	1	702.721703197298
SPI1	1	482.24867282563	523.613304907189	478.4077802935	1	337.365044094017	381.171270060711	1
SPINT2	251.115767761092	1	1	1	1	253.500611279282	169.043319020392	1
SPOCK2	1	1	1	1	482.138427347021	1	1	1
SPP1	3346.92193945605	554.007564436105	2222.50188824386	7412.51051076726	1	555.297286946688	1	355.965554151554
SPPL3	1	1	1	1	1	1	116.580674790762	1
SPRY1	318.17280820005	1	1	1	1	1	1	1
SPTAN1	195.846981974089	1	1	1	1	1	1	1
SPTBN1	712.106328981189	1	1	1	1	1	1	1
SQSTM1	451.204974912119	326.938213926354	392.069020729304	444.166874398926	1	268.695519801504	1	250.365736235705
SRGAP2	1	1	1	1	1	203.389522039672	1	1
SRI	251.523405244894	1	1	1	1	1	1	1
SRM	1	1	1	1	1	1	1	305.03494224319
SRP72	1	1	1	1	1	1	1	238.612589561208
SRP9	249.01948243957	1	1	1	1	1	119.693791732854	1
SRPRA	1	1	1	1	1	1	1	383.667710330156
SRPRB	1	1	1	1	1	1	1	270.73870466109
SRRM1	1	1	252.547898293593	287.092752699638	1	217.748396139285	1	1
SRRM2	317.692337828896	276.88360828894	1	245.19005921172	1	164.120170263349	214.264051392505	1
SRSF11	273.572146447427	1	1	1	1	1	1	161.992646978122
SRSF2	233.877838944828	1	315.2309958104	1	384.041788331942	259.590777677009	102.796148852227	255.34153914271
SRSF5	206.37421336168	217.709566047688	1	1	1	1	1	1
SRSF7	236.408536209818	1	1	1	431.034847961367	1	1	1
SRSF9	1	1	1	1	1	186.150647726038	105.245198815871	188.481404198412
SSB	248.902828495348	1	1	247.913263597484	1	1	1	1
SSBP1	230.98908465983	1	1	1	1	191.000882512789	1	1
SSR2	318.971998028367	1	1	251.058728434653	1	178.632548534571	160.335439924089	598.585074642045
SSR3	202.04490430665	1	1	258.149008933116	1	241.454078723185	1	981.286339450524
SSR4	484.589072138162	450.494327742223	462.476088644072	457.338523707227	724.967208414764	546.305815456488	595.376613585908	10027.7475706831
SSSCA1	1	1	1	1	1	1	1	304.595804087976
ST6GAL1	205.697201865558	1	1	1	1	1	1	410.583457146205
STARD7	1	1	1	1	1	1	235.37180845956	187.649098820955
STAT1	1	291.185993850079	1	334.655717746169	1	1	204.995849443187	1
STAT6	244.518898762176	287.779315386288	1	1	1	208.7455308989	265.353414945399	265.092155193211
STAU1	179.331786080782	1	1	1	1	1	1	1
STK17A	1	1	1	1	1	1	339.462691254003	1
STK17B	1	1	360.274520381097	1	494.813886679643	509.147077783781	324.349349768681	1
STK24	1	1	1	1	1	1	181.674070560716	1
STK4	1	1	1	1	366.699322446248	1	1	1
STMP1	1	1	1	1	1	1	179.175678565406	1
STOM	755.929619056771	531.690367326993	1	208.454632101798	1	1	1	1
STRADA	1	1	1	1	1	1	245.883130986327	1
STT3B	1	1	1	1	1	1	1	268.868779308597
STXBP2	1	1	289.443777161449	1	1	1	1	1
SUB1	360.35543978724	1	1	225.13506187175	567.798379110221	344.854755381878	640.981469657342	1407.7463212947
SULF2	1	1	1	1	1	1	167.937594560148	1
SUPT16H	1	1	1	1	1	1	173.96176286004	1
SURF4	1	1	1	1	1	1	1	248.655039545363
SUSD3	1	1	1	1	1	1	162.890801859111	1
SUSD6	1	211.395017565783	1	1	1	1	98.1108878765472	1
SYAP1	177.238879482308	1	354.037879017395	1	356.249698373918	337.09986641103	1	1
SYK	1	1	294.490993874746	254.832681539183	1	282.01967437547	155.760213910658	1
SYNE2	276.149232784921	1	1	1	1	1	1	1
SYNGR2	1	304.481790042847	307.678018601515	459.761762129201	1	317.185680542399	150.013976427051	237.383745376836
SYVN1	1	1	1	1	1	1	1	425.884756960986
TACC1	609.275956002086	314.346425384871	1	316.937066888113	1	216.640234221167	1	1
TACSTD2	1	1	1	1	1	1	396.226538212654	1
TAF10	1	1	1	1	1	170.494633033354	187.222440507291	1
TAGLN	1274.82581935808	1	1	1	1	1	1	1
TAGLN2	392.033843088296	1	233.437013782079	205.173074291666	1	301.983603334578	730.916261837802	1
TALDO1	1	1	1	223.006683270187	1	1	115.20762340045	1
TAOK3	1	1	1	246.682060593216	1	253.626047188872	349.769324811761	1
TAP1	1	1	1	1	358.415446995453	1	410.896853889858	1
TAX1BP1	229.520626188948	260.676413873492	1	211.67140484166	1	182.932062352148	214.952387942602	1
TBC1D5	1	1	1	1	1	177.206196726403	1	1
TBCA	204.374393918466	1	1	1	1	1	258.4661163636	1
TBXAS1	1	341.757219797802	1	280.241991636808	1	1	1	1
TCEAL4	223.132341472806	1	1	1	1	1	1	1
TCEAL9	254.896204978384	1	1	1	1	1	1	1
TCF4	399.254540095375	1	1	1	1	1	1	1
TCP1	194.078751516093	1	1	1	1	1	1	1
TECR	1	1	1	1	1	1	1	182.092922720745
TERF2IP	1	1	1	1	375.941656118024	1	1	240.856434712532
TES	1	1	246.287093443608	1	1	216.981262273154	1	1
TF	844.681662790748	1	1	1	1	1	143.913565231698	1
TFPI	318.112915271124	1	1	1	1	1	1	1
TGFB1	1	208.056021538832	1	1	1	1	1	1
TGFBI	307.964760696657	1029.8794013977	791.08956574033	926.430436875847	1	711.850966790112	403.753904123872	1
TGFBR2	332.097548278487	1	1	1	1	1	1	1
TGM2	340.373031191012	1	1	1	1	1	1	1
TGOLN2	302.664901963306	306.959620683813	368.449199001915	358.111395917112	1	204.183716611252	174.777940014973	1
THBD	1	1	290.653866340072	1	1	245.377542723598	1	1
THBS1	308.326919303038	1	1354.53113213852	1	1	1	1	1
THEMIS2	1	482.737277339982	296.746120032219	329.780734549616	1	329.826025474615	353.372609529443	1
TIMP1	4259.13665402464	1128.83041655641	2887.83133810882	1062.40566548997	1	639.606962305017	172.595424736145	358.983452722542
TIMP2	693.388079444633	451.372235500575	290.501672423353	656.119223303368	1	213.994855576059	362.005027471818	1
TIMP3	1018.09303833715	1	1	1	1	1	1	1
TINAGL1	249.995797620694	1	1	1	1	1	1	1
TKT	1	270.791728612197	422.370269005521	262.828092478804	1	194.853914106758	144.532060890243	1
TLE3	1	1	1	1	1	1	151.951426347917	1
TLR10	1	1	1	1	1	1	161.97171854881	1
TLR2	1	1	279.40980065125	258.889710330185	1	234.917380657259	1	1
TM4SF1	1353.58240317923	1	1	1	1	1	1	1
TM4SF4	1364.23882707915	1	1	1	1	1	1	1
TM9SF2	242.495785384215	1	1	1	1	168.612300086998	168.919208044542	204.055643752255
TM9SF3	273.685741851224	1	1	1	1	1	1	1
TMCO1	167.014801295986	1	1	1	1	1	1	1
TMED10	203.103707503061	1	1	220.308520184089	1	166.093508645729	248.486508519968	582.359319658766
TMED2	193.733918144584	1	1	1	1	1	195.261926564808	236.34863322363
TMED5	1	1	1	1	1	1	1	319.10751634919
TMED9	1	1	1	1	1	1	1	292.08642680257
TMEM123	261.198017861753	258.537824511176	1	1	1	289.175232386219	156.977476276234	1
TMEM147	1	1	1	1	1	1	260.13181070945	193.320289687035
TMEM14B	1	1	1	1	1	1	198.630816355483	1
TMEM14C	244.212106759383	1	1	200.115983169413	1	168.760162661491	86.7448596998984	1
TMEM176A	230.105364745537	1	1	177.853571012438	1	1	1	1
TMEM176B	284.862664600978	1	1	271.600148102021	1	1	1	1
TMEM189.UBE2V1	238.399470901764	1	229.029433173597	1	337.57855150966	198.886934239876	1	175.813346030948
TMEM219	187.683869732232	1	1	1	1	1	1	1
TMEM230	191.878343551655	1	1	1	1	1	1	1
TMEM256.PLSCR3	1	1	1	1	1	1	1	195.49106883816
TMEM258	306.206758989784	1	1	268.541084923194	1	203.70165816743	217.28635441229	1114.35868057561
TMEM50A	242.404690894444	219.170524460017	1	216.157777665557	1	1	1	1
TMEM59	512.500327084343	208.057997696236	1	226.010040451787	1	175.270661278577	197.696507330139	909.176719915112
TMX2.CTNND1	245.26952560889	1	1	1	1	1	227.089785817549	1
TNFAIP2	1	355.328454005585	391.445696812556	240.041104058121	1	1	1	1
TNFAIP3	1	324.088403611118	1226.51144008703	862.634611768307	1683.02806396588	919.489359359401	171.201496300818	295.259831445607
TNFRSF12A	249.861180817768	1	1	1	1	1	1	1
TNFRSF17	1	1	1	1	1	1	1	378.731314330581
TNFRSF1A	1	226.703318360788	1	1	1	1	1	1
TNFRSF1B	1	513.518222251363	966.293437048298	403.87169029608	463.233982312786	442.65986471606	1	1
TNFSF10	202.695877800794	1	1	1	1	1	1	1
TNFSF12.TNFSF13	1	1	301.473672573614	362.799407533053	1	202.072507072712	1	1
TNFSF13B	1	1	303.204945601486	1	1	1	1	1
TNS1	238.696217049253	1	1	1	1	1	1	1
TOB1	182.154049516198	1	1	1	1	1	1	1
TOMM20	247.669680503852	1	1	221.279995548851	1	210.354447742033	144.52340965403	1
TOP1	218.793481376911	397.482901691179	337.671192136794	253.834646286941	1	261.794331879529	1	158.11437204854
TOP2B	1	1	1	1	1	1	87.3887223357964	1
TP53INP1	1	1	1	1	1	1	1	256.491722653865
TPM1	698.313520155093	1	1	1	1	1	1	1
TPM2	490.361191766059	1	1	1	1	1	1	1
TPMT	1	1	1	1	1	1	155.15528765034	1
TPP1	1	1171.86314639319	501.150252580092	766.178728739887	1	407.365480221996	599.001167663921	1
TPR	228.524667281076	1	1	1	344.858480217982	1	1	1
TPST2	1	1	1	1	1	1	1	222.677292512833
TRA2B	1	230.903003424764	1	1	1	272.957562772586	228.907357397729	1
TRAM1	355.222857888457	1	1	219.433392966142	1	212.042595269796	312.314104244984	1031.92102966327
TRAPPC13	590.526395897035	1	401.883280262848	363.643498487622	717.009431319446	597.787782476809	1	1889.09350945382
TREM2	1	1	1	687.614269824233	1	1	1	1
TRIB1	1	215.543983282739	1	1	1	1	1	661.79501028783
TRIM22	1	1	1	1	1	1	125.139682074114	1
TRIM28	1	1	1	1	1	1	386.29618637443	1
TRIM44	1	1	1	1	1	1	152.408555926059	1
TRIR	205.172277618568	1	1	1	1	1	1	177.736601669895
TRMT112	226.588593898944	1	1	1	1	1	237.595287668286	342.659564611977
TSC22D1	642.132462460111	1	1	1	1	1	1	1
TSPAN14	1	245.780812260763	1	1	1	1	1	1
TSPAN3	242.69584418826	1	1	1	1	1	344.025898866459	311.384121287288
TSPAN33	1	1	1	1	1	1	297.520797562828	1
TSPAN4	1	215.550453381243	1	1	1	1	1	1
TSPO	202.047711678582	1	457.328535577157	301.888445529246	1	1	1	1
TTC3	308.70854813391	1	1	1	1	170.312661963107	178.898031076931	168.397664857981
TTR	1041.82142173288	1	1	1	1	1	1	1
TTYH3	1	210.455228000281	1	207.226009458859	1	1	1	1
TUBA1C	1	1	1	203.144329268605	1	1	146.280577348042	1
TUBB	424.207535086317	1	1	365.65897314292	298.832842021322	299.247534514086	119.929178899377	1
TUBB4B	256.818092191428	1	1	1	1	1	126.791345871279	311.589155685621
TUFM	202.421331870892	1	1	1	1	1	1	1
TXNDC11	1	1	1	1	1	1	1	413.15994893045
TXNDC15	1	1	1	1	1	1	1	286.886049031376
TXNDC17	200.570162394024	1	1	1	1	1	1	1
TXNDC5	1	1	1	1	1	1	1	3975.80261388235
TXNL4A	1	1	1	1	1	1	168.485055471299	1
TYROBP	1	3397.90823866876	2470.83755322761	3393.2821779054	359.579017931525	1802.53721287553	1	1
U2AF1L5	214.787655048242	1	1	1	1	1	226.866740884477	1
UACA	360.461407053475	1	1	1	1	1	1	1
UBA1	214.954364440205	1	1	1	1	1	1	1
UBALD2	1	1	282.018366831572	1	359.120490960375	1	1	237.889591921353
UBE2B	195.546853246011	1	1	1	1	1	1	208.067498292557
UBE2D2	204.282018292109	1	1	1	264.401924579861	205.32988973576	323.689098546821	1
UBE2I	1	1	1	1	1	1	154.965926075833	1
UBE2J1	1	1	1	1	1	1	1	1236.33720337368
UBE2K	1	1	1	1	1	1	127.760122528466	1
UBE2L6	1	212.621997246954	1	1	1	1	1	1
UBE2R2	1	1	243.88265171859	179.162266489367	1	144.616383717485	222.379107332538	1
UBXN1	1	1	1	1	1	1	306.921349122076	1
UBXN4	218.404252199847	1	1	1	1	1	1	270.509525295836
UCP2	1	578.551070477526	392.25606735621	445.029249983587	408.441552143444	369.755235120628	758.347982568489	1
UFC1	1	1	1	1	1	1	1	239.705965988717
UFM1	1	1	1	1	1	1	1	323.231952128098
UGP2	218.984152268586	1	1	1	308.157361665593	1	1	1
UGT2B15	206.945146586911	1	1	1	1	1	1	1
UNC93B1	1	240.561642891188	1	175.716054475081	1	1	1	1
UPP1	1	1	197.137890460961	1	1	1	1	1
UQCR10	179.232167499131	1	1	1	1	1	1	1
UQCRC2	215.613513764612	1	1	1	1	1	1	1
UQCRFS1	184.011895456917	1	1	1	1	1	1	1
UQCRQ	655.42911572515	1	262.259477453337	300.585103037926	1	282.668357659615	182.44692592056	527.727409544763
URGCP.MRPS24	177.140863569342	1	1	1	1	1	1	248.772137355064
USMG5	301.038091651846	1	1	242.03659535041	1	162.581045288926	240.772001847186	158.603980608091
USO1	1	1	1	1	1	1	171.951960064304	191.07900989738
USP14	1	1	1	1	1	1	137.418610315591	1
USP3	1	1	1	1	1	1	144.438245407941	1
UTRN	323.620888724315	242.901770963394	1	1	1	1	1	1
UXT	1	1	1	1	1	1	1	239.486017072295
VAC14	1	1	1	1	1	1	323.445932628285	1
VAMP5	1	251.33997634975	1	1	1	1	1	1
VAMP8	177.859094746726	597.539770995618	352.21881540085	499.871892585896	289.752152354383	303.388300281014	279.688243791458	1
VAPA	238.204842887539	287.950089003396	389.958441333925	233.679664807268	1	1	77.8191762047331	1
VASH1	1	1	1	1	1	152.611561330316	1	1
VASP	1	285.715151040997	438.502218445084	1	1	214.711398007469	187.570125420295	1
VAT1	1	1	1	210.615415681084	1	1	1	1
VAV3	1	1	1	1	1	1	151.406672449222	1
VCAM1	1	1066.62691773336	1	1	1	1	1	1
VCAN	435.772554189505	1	2039.40288813207	1	1	1	1	1
VCP	208.407895502387	1	1	1	1	1	1	248.899079325993
VDAC1	219.65150009141	1	1	242.874360757217	1	1	1	1
VDAC2	267.933273168782	1	1	193.135134117266	1	1	170.893012820015	252.320200568787
VEGFA	1	1	1	1	1	239.473696033084	1	1
VMP1	209.429340994999	1	1	1	1	1	1	1
VOPP1	1	1	1	1	1	169.823843705475	303.625881579598	306.388181289018
VPS35	1	1	1	197.621637983361	1	1	180.683619637794	1
VPS37B	1	1	1	1	630.958396100838	1	320.639354104409	1103.18170751896
VSIG4	1	1259.94024524026	1	368.350091444915	1	277.847125059436	1	1
VSIR	1	1	421.85568148879	238.4765157047	1	308.359119578911	234.077136042756	1
WAC	304.543793736373	1	400.529493612964	294.670115829524	1	241.708565964851	183.054559436247	348.22304536579
WAPL	1	1	1	1	1	1	93.0778129436001	1
WARS	1	1	685.264673101346	254.595745676299	1	1	264.613001750768	1
WAS	1	1	287.249584918745	1	1	162.480288759177	1	1
WASF2	234.758297996495	532.636476068556	313.140663125351	339.640280376509	1	241.038272331062	219.331679063954	1
WDFY4	1	1	1	1	1	1	1204.52341009996	1
WDR1	247.019734325989	234.130084392645	287.278412534248	300.531002599556	1	213.973407944701	204.657094113122	1
WIPF1	1	1	1	248.969163761142	479.079184079661	367.202078704053	1	1
WNK1	1	255.58453639125	1	238.18313467481	1	1	308.635809879531	1
WSB1	1	455.442958977527	401.630918669404	269.638665216966	1	182.284619869422	157.654689457223	1
WWC1	1	1	1	1	1	1	1	313.895191192627
WWTR1	253.868541430662	1	1	1	1	1	1	1
XBP1	276.081019381078	1	260.932684038384	1	1	204.50368408876	1	4899.88120670957
XCL1	1	1	1	1	455.602910780976	1	1	1
XCL2	1	1	1	1	540.342043362679	1	1	1
XCR1	1	1	1	1	1	1	918.04638814996	1
XPO5	1	1	1	1	1	176.86453845023	105.644227783242	1
XRCC5	334.18022831409	1	1	301.794266741954	1	237.178554144749	309.074676897179	1
XRCC6	248.616776456393	1	1	231.868459118398	1	199.872787740597	227.155131471463	1
YBX3	310.116648841536	1	389.239994958321	208.851825511216	1	247.323734793311	248.530556079118	1
YIPF3	1	1	1	1	1	1	1	143.731160287996
YPEL5	1	1	1	1	481.915181707105	363.78489047006	310.991884585765	230.247966000403
YWHAH	209.856274880897	1	1	456.072375523262	1	369.062650302284	1	1
YWHAQ	313.332350576575	1	1	1	281.214394049251	1	1	259.88462839346
YY1	1	1	1	1	1	243.87087045714	1	1
ZBTB20	370.420426587543	1	1	1	1	1	1	4205.67164870852
ZBTB38	1	1	1	1	1	1	1	195.237851438187
ZC3H11A	182.150883953614	1	1	1	1	1	1	1
ZC3HAV1	1	1	1	1	442.607085775509	287.321013240842	373.672790290552	1
ZEB2	1	399.921475696883	733.68102328118	358.057101581969	1	210.356760263898	1	1
ZFHX3	1	1	1	273.578360781066	1	286.706889834762	265.610598216352	1
ZFP36L2	394.077800663283	334.580503933572	605.494904367648	838.510749483778	3262.39531576177	1072.99287081157	385.044927903174	1031.88873410063
ZKSCAN1	195.020238665079	1	1	1	1	1	1	1
ZNF106	1	204.615059792571	1	1	1	1	1	1
ZNF302	1	1	1	1	1	1	1	194.218071725222
ZNF331	1	238.908007676095	415.975841412559	522.80175948175	673.503941836052	763.873448221452	149.009246393002	1
ZNF385A	1	1	259.453378160388	1	1	1	1	1
ZNF419	293.708090580523	1	1	1	372.409782996487	205.63874485494	1	962.749072135505
ZNF609	1	1	1	1	1	163.608906116324	145.462269925703	228.186690836977
ZNF706	1	1	1	1	1	1	1	329.441034858443
ZNHIT1	161.389436828782	1	1	1	1	1	1	1
ZYX	255.396265726556	367.233746989271	655.330341203108	489.784890505126	1	370.085906252293	571.837472299886	1
