NAME	CD8+ Cells	Tregs	Non-immune cluster	Nk Cells	CD4+ Cells	B Cells	Myeloid	Mast Cells
A1BG	1	1	1	1	1	355.996391908198	1	1
A2M	1	1	965.036350073009	1	1	1	241.755818792758	1
AAK1	226.298173767341	282.06656830228	1	250.767258273072	343.958300318787	1	1	1
AAMDC	1	1	234.314089009296	1	1	1	1	1
ABCF1	235.116399835197	218.119664676087	1	284.366484009432	1	219.816178167078	168.244305075251	201.626494740632
ABHD2	1	1	1	1	1	1	1	514.152703280386
ABI1	1	226.881945909269	1	1	1	132.854942315208	1	1
ABI3	1	1	1	310.660732545666	1	1	1	1
ABL2	1	1	1	1	1	1	157.149941749622	1
AC002331.1	1	504.049391017282	1	1	1	1	1	1
AC016831.7	343.464453935956	315.98742624348	1	288.380299939923	438.642074883548	387.981538173137	1	1
AC017002.1	1	180.668652869714	1	1	1	1	1	1
AC020571.3	1	1	1	1	1	1	1	659.097976768539
AC092580.4	659.59111665183	276.719623458736	1	530.695588114166	584.650212291903	135.184307709904	1	1
AC133644.2	1	1007.92849150573	1	1	1	151.028270568761	1	1
ACAA2	1	1	295.010944438671	1	1	95.9029593691666	1	1
ACADVL	1	1	1	1	1	323.645829746499	1	1
ACAP1	549.947569208307	527.988220781383	1	410.518869076189	623.123076918754	296.538214942701	1	79.1566973550377
ACAT1	1	1	256.347339075858	1	1	1	1	1
ACP5	1	304.537314488234	1	1	1	1	242.949242689475	1
ACSL1	1	1	1	1	1	1	156.663363520496	1
ACSL4	1	1	1	1	1	1	1	151.784405639544
ACTN4	1	216.481717276726	360.599984858134	205.748602162967	1	1	171.440879071026	526.799465043452
ACVR2B	1	1	1	1	1	156.025659974722	1	1
ADAMTS1	1	1	407.857609333454	1	1	1	1	1
ADAR	211.124772877009	176.155487422057	1	225.863037806213	1	161.037361105073	166.390430706499	1
ADD3	1	174.089712314963	1	1	1	1	1	1
ADGRE5	625.009581942513	344.369482780368	1	623.849855911281	430.396751932803	191.644847334102	211.01995739692	1
ADGRL4	1	1	389.474906526539	1	1	1	1	1
ADH1B	1	1	572.733985975639	1	1	1	1	1
ADH1C	1	1	287.981428051958	1	1	1	1	1
ADH5	1	1	213.182949406524	1	1	1	1	1
ADIRF	1	1	933.015540010321	1	1	1	1	1
ADRB2	1	1	1	1	1	1	1	1013.43550517859
ADSS	1	212.550561079961	1	1	1	1	1	1
AES	1	173.690821733129	1	219.033270839052	249.861169408797	1	159.939911036243	1
AFM	1	1	443.082558800564	1	1	1	1	1
AGA	1	1	1	1	1	131.705207285676	1	1
AGPAT1	1	1	1	1	1	1	1	248.741984068799
AGT	1	1	461.884653770342	1	1	1	1	1
AGTRAP	1	1	1	1	1	1	1	137.1374250619
AGXT	1	1	1073.56873488856	1	1	1	1	1
AHI1	280.314056379784	1	1	1	1	1	1	1
AHR	1	1	1	1	1	1	1	274.342165301243
AHSA1	237.637866766333	254.344521816137	1	274.416150454782	250.306937968328	1	207.027011261314	213.118203095918
AHSG	1	1	1605.39565963592	1	1	1	1	1
AIF1	1	1	1	1	1	1	2021.50088334098	1
AIG1	1	1	237.742637615066	1	1	1	1	1
AIM1	1	1	1	1	291.776859023985	1	1	1
AIP	245.057530444466	215.558338013573	1	1	1	128.819964530263	1	1
AK1	1	1	225.666831417577	1	1	1	1	1
AK2	1	1	269.272122745302	1	1	1	1	1
AK3	1	1	1	1	1	152.070206699415	1	1
AKAP12	1	1	439.224973400319	1	1	1	1	1
AKNA	383.258735276431	199.002580505965	1	574.40804592666	245.468847078843	166.118539429021	1	1
AKR1C1	1	1	423.353232165121	1	1	1	1	1
AKR1C3	1	1	788.34992217746	1	1	1	1	1
AKR1C4	1	1	291.257444366822	1	1	1	1	1
ALDH1A1	1	1	376.151393385634	1	1	1	1	208.785780445069
ALDH2	1	1	1	1	1	1	194.606740444306	1
ALDOB	1	1	1041.60621527836	1	1	1	1	1
ALG13	224.726697195102	1	1	1	1	143.345152565822	1	223.734795829462
ALG3	1	1	1	1	1	148.21279864886	1	1
ALG5	1	1	1	1	1	410.461496035146	1	1
ALOX5	1	1	1	1	1	1	1	584.015172759024
AMBP	1	1	2169.42792276029	1	1	1	1	1
ANAPC13	1	1	1	1	1	143.554435354632	1	1
ANAPC5	1	157.362247858533	1	1	1	154.617081954393	1	1
ANG	1	1	741.260659801433	1	1	1	1	1
ANGPT2	1	1	334.539219996159	1	1	1	1	1
ANGPTL3	1	1	376.55094120717	1	1	1	1	1
ANKRD28	1	1	1	1	324.79067983093	1092.07879188849	1	640.688295542623
ANKRD37	1	1	1	1	1	389.215745064074	1	1
ANKRD44	214.786293458752	213.37550050807	1	1	252.227316598781	126.451154610283	164.897879055473	1
ANP32A	1	316.912772852904	1	209.809489784382	1	110.947326342466	229.165725813405	1
ANP32E	1	264.373772308278	1	236.719933684398	299.926235081878	1	156.541479426491	1
ANXA4	1	1	288.28856529107	1	1	1	1	453.068153955458
ANXA7	1	292.62670682406	217.156310630639	1	1	1	1	502.286117565518
AP1S2	1	1	1	1	1	1	303.780709877006	1
AP1S3	1	1	1	1	1	1	1	419.258882263351
APBB1IP	1	176.967027476488	1	1	1	1	1	1
APEX1	1	1	1	1	1	1	188.660512776606	77.6265097809267
APH1A	1	180.821196450596	1	1	1	1	157.851901914884	1
APLP2	1	1	359.081410998221	1	1	1	380.365053562325	1
APMAP	344.887728278921	1	1	520.092752306628	1	1	1	154.301046205401
APOA1	1	1	2795.12773032692	1	1	435.303427669508	1	1
APOB	1	1	413.307287574496	1	1	1	1	1
APOBEC3C	1	351.72938358424	1	338.540433932502	225.565557707906	215.457307573771	1	502.286117565518
APOBEC3G	293.809440472639	336.562028956083	1	534.17216887677	291.02158326205	188.218078236291	1	1
APOC2	1	1	495.068837091732	1	1	1	1	1
APOC3	1	1	4361.568138531	314.239501440912	1	824.097114053312	499.556689270143	1
APOE	1	1	755.072629797416	1	1	1	672.185547640433	1
APOH	1	1	1990.23218422201	1	1	1	1	1
APOL6	203.475642730803	1	1	1	1	190.263634542594	1	1
APOLD1	1	1	358.489492981951	1	1	1	1	1
APOM	1	1	321.794532859174	1	1	1	1	1
APP	1	1	506.66943913867	1	1	1	1	1
AQP1	1	1	462.031314215216	1	1	1	1	1
AQP3	1	1	1	1	1	1	1	154.301046205401
ARF3	1	1	1	1	1	1	142.286263850775	1
ARFGAP3	1	1	1	1	1	196.962598900812	1	495.103695959678
ARHGAP15	200.87340243806	253.852653619008	1	1	377.961658148374	1	1	502.286117565518
ARHGAP18	1	1	1	1	1	1	218.905933115116	453.353216918633
ARHGAP29	1	1	393.076227781215	1	1	1	1	1
ARHGAP30	1	187.705684902761	1	1	1	1	1	1
ARHGAP9	240.799639759	202.093351810428	1	269.702920512148	220.251875194625	116.663339319746	1	1
ARHGEF1	1	197.246659318693	1	214.980931286319	236.965463612615	1	1	1
ARHGEF6	1	1	1	1	1	1	1	705.668753895373
ARID2	1	1	1	1	1	1	1	214.337827492994
ARID4A	1	149.038048699984	1	1	1	1	1	1
ARIH1	1	1	1	1	1	186.701540327144	1	1
ARL1	1	1	1	1	1	220.757119395195	1	1
ARL2	1	1	285.670802700155	1	1	1	1	1
ARL2BP	1	1	1	1	1	1	1	230.87952934278
ARL4C	478.808139767855	307.821582066573	1	594.641846236093	532.828191028335	141.946545566648	506.206470110736	1
ARL5A	1	1	1	1	1	199.554950507369	1	1
ARL8B	1	1	1	1	1	1	134.004384286483	157.829223016473
ARMCX3	1	1	1	1	1	296.979122618233	147.442048401085	701.557137475561
ARPC1A	1	1	228.167810756067	1	1	147.527571110942	1	1
ARPC5L	1	180.585208140803	1	257.283591142407	1	178.915541587986	1	1
ARRB2	1	1	1	1	1	1	279.196602169488	1
ARSA	1	1	1	1	1	339.096151433172	1	1
ASAH1	1	1	1	1	1	172.156525733422	633.906590463127	940.326504167068
ASGR1	1	1	805.100865581666	1	1	1	1	1
ASGR2	1	1	342.312473715927	1	1	1	1	1
ASH1L	1	166.894676580579	1	1	1	171.573768373713	1	429.160023953624
ASL	1	1	306.467162519558	1	1	1	1	1
ASNA1	1	1	1	1	1	1	129.521612389374	1
ATF1	1	1	1	1	1	1	1	200.900783619616
ATF3	1	1	590.79827561242	1	260.164743933664	351.084160383486	548.022986525186	1
ATF5	1	1	1	1	1	1	163.479443857241	1
ATG101	1	1	1	1	1	188.355175239263	1	1
ATG12	1	226.531831433916	1	268.071581602992	238.117197042737	167.674679007877	166.688213650705	230.673771873179
ATG3	1	1	1	1	1	1	185.842993278061	1
ATM	1	1	1	219.434626215406	1	228.203268509891	1	1
ATP13A3	1	1	1	1	1	1	182.652022808872	1
ATP1A1	1	1	379.03588209971	1	1	1	189.775551834148	1
ATP1B1	1	1	1	1	1	1	250.304814945939	143.608656474617
ATP5EP2	1	228.879751058616	1	1	1	133.359761379294	251.06029563367	1
ATP6AP1	1	1	1	1	1	1	214.905962561239	154.301046205401
ATP6V0D1	1	1	1	1	1	1	285.391723345908	1
ATP6V1B2	1	1	1	1	1	1	258.072991018608	154.301046205401
ATP8A1	229.790889693304	1	1	1	1	1	1	1
ATXN1	192.466779902653	1	1	1	1	1	1	1
ATXN2	1	1	1	1	1	1	1	154.301046205401
AUP1	1	256.484375016744	1	1	1	453.034041654611	181.403470679467	1
AVPI1	1	1	1	1	1	1	193.726194458844	1
AXL	1	1	1	1	1	1	160.277167303681	1
AZGP1	1	1	691.203884518718	1	1	1	1	1
B4GALT1	1	215.856838700015	1	369.934869554028	1	146.346105235638	342.448727273801	1
B4GALT3	1	1	1	1	1	247.320559271249	1	1
B4GALT7	1	1	1	1	1	182.179956881646	1	1
BAAT	1	1	357.465574170457	1	1	1	1	1
BACH1	1	1	1	1	1	150.442952808926	1	1
BASP1	1	1	1	1	1	1	236.177155360165	1
BATF	277.639557175251	927.071755410824	1	1	357.861585741816	1	1	1
BAZ1A	365.207219524576	329.812061308777	1	316.929221888912	359.746154291822	178.536979852068	227.185699106775	1
BCAM	1	1	391.509126900904	1	1	1	1	1
BCKDK	1	1	1	1	1	165.41961595524	1	1
BCL11B	333.640495639332	222.777542967804	1	1	205.881802843503	1	1	1
BCL2A1	1	1	1	1	1	1	511.348257167424	714.779198021018
BCL2L11	1	1	1	1	1	165.394678287328	1	1
BCL2L12	1	1	1	1	1	1	1	254.825655144569
BDP1	1	151.937778882442	1	1	1	1	1	71.7060676986393
BET1	1	1	1	1	1	253.248003213102	1	1
BEX4	1	1	1	1	1	1	170.40132124554	721.048061943575
BHLHE40	1	1	1	229.719133559773	1	1	213.298545614425	363.67341674843
BHLHE41	1	1	1	1	1	194.934934482607	1	1
BHMT	1	1	455.693275284767	1	1	1	1	1
BID	1	1	1	1	1	164.070119918912	338.072799513929	1
BIN1	1	191.078242975848	1	1	1	1	1	1
BIN2	289.920138469186	216.42224214672	1	448.43373676026	326.469727505685	1	1	248.741984068799
BLNK	1	1	1	1	1	182.713507766869	1	1
BLOC1S2	1	161.54404840389	1	1	1	1	170.654409113471	281.539905250766
BLOC1S6	1	1	1	1	1	1	190.41771900942	157.829223016473
BLVRA	1	1	1	1	1	1	166.591848739731	1
BLVRB	1	1	427.296800612078	1	1	159.282474866981	526.984022724357	1
BNIP2	1	1	1	1	1	1	180.053146912571	1
BNIP3	1	1	283.88049107128	1	1	1	1	1
BOLA3	1	1	237.577420696275	1	1	1	1	1
BRD4	1	1	1	1	1	1	1	77.6265097809267
BRWD1	1	1	1	1	1	1	1	143.061983247517
BTG3	312.862948809092	387.058911805425	1	1	1	208.8741815457	1	77.6265097809267
BTK	1	1	1	1	1	1	1	715.623945058511
BTN3A2	268.535705628999	218.096992051497	1	340.614669085592	287.16638366477	244.362500622117	1	1
BUB3	404.502052316092	447.0103492553	1	353.198858583473	337.198282886741	211.877500984637	1	219.388020441612
C10orf10	1	1	622.039356722252	1	1	1	1	1
C10orf54	1	236.571296946182	1	1	317.559546445707	284.395296913727	289.234699175329	1
C11orf73	1	1	1	1	1	172.629607861647	1	1
C11orf98	1	1	1	1	1	1	1	248.741984068799
C12orf75	1	1	1	244.735485377018	1	1	1	1
C15orf48	1	1	1	1	1	1	805.061242771442	1
C15orf57	1	1	1	1	1	200.692830952894	1	1
C16orf54	285.637408046611	1	1	462.646254587361	306.147471696503	242.663740248225	1	1
C17orf62	1	1	1	1	1	183.708351270023	1	1
C19orf60	1	249.100711771854	1	1	1	237.836833452662	149.464074887636	200.900783619616
C19orf70	1	239.6348094381	322.961473233362	1	266.806855952815	263.381025346957	339.53274677733	70.2174343908115
C1D	1	176.224426055161	1	1	1	1	1	73.6277082845067
C1QA	1	1	1	1	1	1	1455.55592689926	1
C1QB	1	1	1	1	1	1	1502.93927185211	1
C1QC	1	1	1	1	1	1	1187.80313053864	1
C1R	1	1	380.520570677347	1	1	1	1	1
C1S	1	1	402.034185539218	1	1	1	1	1
C1orf122	1	1	1	1	1	152.229203212783	1	1
C1orf162	1	1	1	1	1	1	803.051959364504	632.596709756345
C1orf186	1	1	1	1	1	1	1	1352.64477169992
C1orf52	1	1	1	1	1	1	1	287.529392246014
C1orf54	1	1	1	1	1	1	370.430161305527	1
C1orf56	1	248.305816408223	1	669.292189062413	500.798843193714	169.136139039921	329.613405548581	524.852157257815
C20orf27	1	1	1	1	1	1	155.006749702292	1
C21orf59	1	1	1	1	1	113.128365424073	1	214.337827492994
C3	1	1	522.112787651544	1	1	1	1	1
C3orf38	1	1	1	1	1	1	1	419.258882263351
C4BPB	1	1	450.510059890878	1	1	1	1	1
C5AR1	1	1	1	1	1	1	418.383765967488	1
C5orf56	1	1	1	313.918070796427	1	151.138653340022	1	1
C7orf55	1	1	1	1	1	156.15108694328	1	367.638873698396
C8G	1	1	308.876038623273	1	1	1	1	1
C8orf4	1	1	426.5323970889	1	1	1	1	1
C8orf59	203.364974893107	1	278.967183118241	1	1	283.589739841475	191.384666489182	214.337827492994
C9orf72	1	1	1	1	1	1	146.46823323969	1
CALCRL	1	1	494.959998766268	1	1	1	1	1
CALD1	1	1	1247.13590618011	1	1	1	1	1
CAPG	1	1	1	1	217.258441604282	1	607.893971563534	1289.41660437004
CAPNS1	1	1	1	1	1	1	160.733013127342	1
CASP1	1	386.932740676093	1	1	193.928555031192	1	245.336578363805	1
CASP10	1	1	1	1	1	151.984811627903	1	1
CASP3	1	1	1	1	1	146.379582756508	1	1
CASP8	1	165.202149466648	1	1	242.498967586446	1	1	1
CAT	1	1	1	1	1	1	133.752873027036	214.337827492994
CAV1	1	1	687.159023912329	1	1	155.23638770777	1	1
CAV2	1	1	330.873543190033	1	1	1	1	1
CBLB	232.862677780993	170.365615014927	1	1	1	1	1	1
CBR1	1	1	297.493349216465	1	1	1	1	208.652303172434
CCDC107	182.595627728171	294.377229641824	1	267.630474226839	312.746709603139	107.320514317222	250.22293534265	1
CCDC115	1	1	1	1	1	1	1	214.337827492994
CCDC186	1	189.809977439266	1	1	1	203.168015100572	1	1
CCDC53	1	1	1	1	1	126.333465177622	1	143.061983247517
CCDC57	1	1	1	1	1	138.602686418465	1	1
CCDC66	1	194.476792745172	1	1	1	1	1	1
CCDC82	1	1	1	1	1	1	1	532.973640499016
CCDC88A	1	1	1	1	1	1	176.528875500799	1
CCDC88C	1	1	1	1	1	148.730255962346	1	1
CCDC90B	1	1	1	1	1	1	1	334.901605874701
CCL3	332.969918303936	1	1	719.386676092405	1	175.513867646307	909.79220974947	1
CCL3L3	1	1	1	1	1	1	435.629023592026	1
CCL4	1802.7911326754	236.819996862286	1	2319.44311897853	686.917580225707	417.520691144237	977.776027251552	1
CCL4L2	500.359379152861	1	1	469.464364267051	1	1	540.274090924371	67.8754982468773
CCL5	3642.1156366575	688.340730115423	1	4079.27018615661	1935.80375764616	844.495024381961	536.385515303973	1
CCND1	1	1	326.739832074424	1	1	1	1	1
CCND2	214.193374943181	422.493908766254	1	306.363947262219	230.848876779897	159.312493970817	1	1
CCND3	341.669796961737	194.55549356221	1	322.604576358971	404.862546899835	1	1	1
CCNG1	1	1	1	1	219.074772760439	1	1	208.652303172434
CCPG1	1	1	1	1	1	369.850524225744	1	1
CCR6	1	201.089896316298	1	1	305.121593606623	1	1	1
CCR7	1	1	1	1	383.450836619404	1	1	1
CCRL2	1	1	1	1	1	1	182.169772933505	154.301046205401
CCSER2	235.44294164448	1	1	1	1	1	1	1
CCT2	1	1	1	208.222595237785	1	148.592550716949	180.510936055702	288.649947256635
CCT5	1	1	1	1	1	1	168.709584405503	1
CCT6A	1	227.696145354746	261.815658590935	1	212.810090932603	1	185.298432785395	248.741984068799
CCT7	1	198.307492414227	1	213.0299408883	1	159.255176353442	1	1
CD14	1	1	1	1	1	1	544.234327975168	1
CD151	1	1	554.104087852326	1	1	1	1	1
CD163	1	1	1	1	1	1	222.356439742333	1
CD2	1253.28834677108	1703.16678876054	1	649.081754096182	1273.7537377401	234.949770185289	1	1
CD247	286.414653448889	410.382523251084	1	810.574609976061	286.847182531467	1	1	1
CD27	504.919614061977	809.625960842173	1	1	294.50406918476	844.705460601407	1	1
CD28	1	219.997518959211	1	1	1	1	1	1
CD2BP2	1	233.103488691354	1	1	1	1	1	77.6265097809267
CD300A	1	1	1	1	1	1	151.300579554229	1
CD302	1	1	1	1	1	1	147.937637034311	1
CD320	1	189.114293347459	1	1	1	127.163914452974	1	1
CD34	1	1	275.341553029811	1	1	1	1	1
CD38	1	1	1	1	1	642.469979672474	1	1
CD3D	1876.66802625421	2018.2584862648	1	1056.12777866784	1775.79837823939	348.067342202993	169.661250408316	1
CD3E	906.013364092027	1116.4824544241	1	602.73753624465	1058.16654322207	261.359464917129	1	1
CD3G	672.543716216626	644.364541551109	1	340.153135182282	669.399559450839	201.431584648506	1	1
CD4	1	214.166310655025	1	1	1	1	226.381587865812	1
CD40LG	1	1	1	1	261.460779868369	1	1	1
CD47	237.948126827661	168.212017719678	1	306.730281917154	1	257.786965422293	196.342950086253	419.258882263351
CD52	1589.35655420564	2059.89709795803	1	1541.82789940625	2537.00717210763	481.244661994285	1222.23868884729	435.370875684729
CD55	1	1	1	352.483488116112	325.229449169812	398.62085039477	372.12612500997	572.559928468752
CD58	1	178.790983855701	1	1	1	1	1	201.626494740632
CD68	1	1	1	1	1	1	928.690780476454	1
CD69	2007.97872310775	1130.11347624134	1	1643.5260441506	2724.63150094225	615.495484795639	428.599131236197	1720.45480148421
CD7	813.623036861144	1029.98443603577	1	1452.82161129381	656.584267405077	258.647299725759	1	75.4111891500964
CD79A	1	1	1	1	1	1167.31291922259	1	1
CD79B	1	210.464946016554	1	1	1	334.059258709464	1	1
CD82	1	252.604385065001	1	1	1	1	1	481.994468473678
CD83	1	170.837924952215	1	256.26794103924	1	1	775.632480043915	526.99412538517
CD84	239.146877814814	1	1	1	1	1	182.884494473078	77.6265097809267
CD86	1	1	1	1	1	1	371.92378957491	1
CD8A	771.272791166782	1	1	203.1051230026	260.478910909065	1	1	1
CD8B	805.699640246455	1	1	1	248.095264422622	144.551478281414	1	1
CD9	1	1	1029.36593571891	1	1	214.921066714031	457.886658771769	1670.09057737873
CD93	1	1	258.55346274556	1	1	1	1	1
CD96	449.668265448131	424.928693784903	1	380.152233108167	449.975983717129	147.038927318567	1	1
CDC123	1	1	1	1	1	1	1	275.48484198728
CDC26	1	199.654605449089	1	1	1	135.478117188368	1	397.192624378905
CDC37L1	1	164.691358916308	1	1	1	183.510104502136	1	1
CDC40	1	175.547405249236	1	1	1	1	1	1
CDC42EP3	1	1	1	1	1	1	1	576.860486031128
CDC42SE1	329.977175540622	298.676999867202	1	785.758039054777	493.222755474547	102.815932078589	391.344347049322	502.286117565518
CDC42SE2	682.137772049675	637.011378106101	1	579.95256500524	686.818617881959	401.476885696032	312.868411793725	1
CDK2AP2	230.295824800751	229.069046761243	1	291.755253405903	1	389.32786299874	149.819259813503	1
CDK5RAP3	1	1	1	1	1	228.917185646601	1	388.064428587693
CDK7	1	1	1	1	1	1	1	301.138856132127
CDKN1B	339.81773901304	405.297354703032	1	1	344.811095919509	213.524437237631	1	1
CEBPB	1	1	1	1	1	1	283.433376791868	1
CEBPD	1	1	1	1	1	1	180.724359014627	1
CEBPZ	252.406079593318	209.613752036106	1	238.503116365392	295.4733014102	1	1	427.544273851823
CECR1	1	1	1	1	1	142.293204393856	255.539009893166	1
CELF1	1	1	1	1	1	1	158.253558693261	1
CENPM	1	1	1	1	1	214.550654380415	1	1
CES1	1	1	582.722946657328	1	1	1	1	1
CES2	1	1	240.789182889167	1	1	1	1	1
CFAP20	222.312576703907	331.467128625408	1	1	1	1	1	1
CFD	1	1	1	1	1	1	247.735608894074	1
CFDP1	1	1	403.138991938927	1	1	137.110828250902	1	1
CFH	1	1	683.86967705737	1	1	1	1	1
CFHR1	1	1	548.725367651857	1	1	1	1	1
CFL2	1	1	1	1	1	305.878484988291	1	1
CFP	1	1	1	1	1	1	192.570389200629	1
CH17.189H20.1	1	1	1	257.647273569872	1	1	1	296.754759245383
CH17.373J23.1	1	1	1	1	1	215.079405013014	1	1
CHAC2	1	1	1	1	1	1	1	419.258882263351
CHCHD1	1	183.271063943151	1	1	1	127.906392197937	1	1
CHCHD5	1	1	1	1	1	1	169.754631547093	1
CHCHD7	1	202.346450814715	1	1	220.647039355249	201.134844528029	170.863647795822	1
CHD2	1	199.529664299819	1	1	200.309857081396	152.825004323072	1	248.741984068799
CHD9	1	1	1	1	1	251.065362569678	1	208.785780445069
CHID1	1	1	1	1	1	278.239494398644	1	1
CHMP4A	383.638717343668	336.831245703926	1	407.150779014565	349.620089119221	257.587728316505	286.257020498184	1
CHMP4B	1	1	1	1	1	199.976125624062	1	1
CHST12	1	1	1	332.425535210991	1	206.065190001114	1	1
CIR1	219.107320821963	267.361940729101	1	227.288384950185	219.014916369009	170.026821615887	1	1
CISD1	1	1	274.369525315439	1	1	1	1	1
CISD2	1	220.910587785729	1	1	1	309.330320516455	208.728037982095	1
CISD3	1	1	237.467022751686	1	1	1	1	1
CKS1B	1	1	325.840825891791	1	1	1	1	1
CLDND1	1	171.129043923049	1	338.801770251715	240.088830821013	151.678076326532	127.620776264585	281.539905250766
CLEC10A	1	1	1	1	1	1	210.26864383724	1
CLEC2D	818.446314042101	783.756851803346	1	465.904613929904	637.508738820729	233.966911302461	1	1
CLEC4A	1	1	1	1	1	1	141.925294797502	1
CLEC7A	1	1	1	1	1	1	314.417874329798	1
CLIC3	1	1	1	300.215013372801	1	1	1	1
CLIC4	1	1	1	1	1	156.206186137532	1	1
CLINT1	1	1	1	1	1	228.118787954469	1	73.6277082845067
CLN8	1	1	1	1	1	1	188.293298360012	1
CLNK	1	1	1	1	1	1	1	391.76955003915
CLNS1A	221.859850421465	1	1	1	192.129645564395	119.859651972947	198.647139058359	293.879196222131
CLPP	1	154.728763532144	1	1	220.340792922945	174.450838514427	1	1
CLPTM1L	1	1	1	1	1	157.44936177925	1	1
CLU	1	1	1465.09566619943	1	1	1	1	1515.8496926682
CMB9.22P13.1	1	1	1	1	1	277.356004703925	1	1
CMC1	932.639421602345	1	1	1511.2823522499	375.337926135298	193.404101950335	199.155932009855	1
CMC2	238.639986102749	1	1	1	216.310804397009	158.762835201687	1	157.829223016473
CMIP	1	1	1	1	1	1	180.139551556077	321.369692353306
CMPK1	1	1	1	1	1	1	1	230.87952934278
CNDP2	1	1	1	1	1	1	156.693872143201	1
CNIH4	1	1	184.982451731046	1	1	1	1	1
CNN2	1	192.849191653221	1	1	236.060926716783	1	165.191560214932	214.337827492994
CNN3	1	1	580.481759562684	1	1	1	1	1
CNOT2	1	187.843425656916	1	1	1	112.16445294709	1	1
CNOT6L	578.010676737054	326.323075650672	1	422.527813820763	407.008834946806	244.014885180756	1	1
CNOT7	1	1	1	1	1	195.856488105695	1	1
CNPY3	1	1	1	1	1	1	287.790961108397	1
COA3	1	1	394.259412299622	1	1	166.546600273194	1	415.027745229546
COA4	1	1	233.947991067994	1	1	1	1	1
COBLL1	1	1	1	1	1	250.314290534902	1	1
COL18A1	1	1	375.198592183378	1	1	1	1	1
COL4A1	1	1	349.944030505965	1	1	1	1	1
COL4A2	1	1	321.216983431047	1	1	1	1	1
COMMD3	1	167.425161015638	1	1	1	247.92440907986	1	227.046657407285
COMT	1	1	203.37531958178	1	1	1	219.836179501784	419.258882263351
COPA	1	1	1	1	1	157.613111411562	1	1
COPB1	1	1	1	1	1	182.157264019035	1	1
COPS2	1	1	1	1	1	1	1	201.497616444538
COPS3	1	1	1	1	1	1	1	290.964337273921
COQ10B	235.864187072408	164.69586949438	1	1	213.491043612573	133.735725307328	1	235.613279235074
CORO1A	999.41289339831	1129.29111737369	1	928.100723205254	1272.15286512772	432.15304002204	575.401612199848	154.301046205401
CORO1B	225.627307716239	567.60909654368	1	1	375.123429041164	167.851789216987	205.849687279049	1
COTL1	227.258564534541	1	1	1	1	1	346.740061336576	1
COX7A1	1	1	235.01638871395	1	1	1	1	1
CP	1	1	381.571401395081	1	1	1	1	1
CPA3	1	1	1	1	1	1	1	2622.05956896186
CPEB4	1	1	1	1	1	247.092304666624	1	151.784405639544
CPM	1	1	1	1	1	1	177.869115246707	219.533646570117
CPNE1	1	174.540641481926	1	1	1	193.165449313503	1	200.900783619616
CPNE3	1	1	1	1	1	1	176.80857420501	1
CPVL	1	1	1	1	1	1	489.876311235626	1
CRADD	1	246.231939502003	1	1	1	1	1	1
CRBN	1	1	1	1	194.266544719709	118.721364880245	1	598.787843506189
CREB3L2	1	1	1	1	1	264.659610639583	1	1
CREBL2	1	1	1	1	1	1	134.485521287146	1
CRELD2	1	1	1	1	1	202.778700920104	1	1
CRIP2	1	1	698.269385790129	1	1	1	1	1
CRTAM	460.414015530309	1	1	1	1	1	1	1
CSF1R	1	1	1	1	1	1	189.064907431672	1
CSF2RA	1	1	1	1	1	1	211.813506568322	1
CSNK1D	221.504633244447	201.440460048252	1	245.143071829842	1	1	156.189343930783	214.337827492994
CSRNP1	195.633924545889	1	1	1	1	1	158.804349041637	154.301046205401
CSRP1	1	1	1	1	1	1	1	502.286117565518
CSRP2	1	1	258.787341367202	1	1	1	1	1
CST3	1	1	390.380213483333	1	1	1	1749.43091212014	140.261302824379
CST7	1951.22402006481	904.569213356524	1	2287.84281607083	874.339919243096	482.863805849626	268.562423903746	140.261302824379
CSTA	1	1	1	1	1	1	298.55790381957	1
CTA.384D8.34	1	1	1	1	1	169.091577076348	1	1
CTLA4	254.779167654744	459.996208749371	1	1	1	1	1	1
CTNNB1	1	219.244049779292	471.705795760586	278.34788490661	1	1	431.212477351106	1
CTNNBL1	1	1	1	1	1	1	1	689.952180436467
CTSA	1	1	264.094856346772	1	1	1	246.265633825768	1
CTSG	1	1	1	1	1	1	1	2877.37060082433
CTSH	1	1	1	1	1	227.045681986592	524.62530898491	1
CTSL	1	1	278.609402335867	1	1	1	469.903303752779	1
CTSW	568.036914715837	1	1	1208.89894817311	505.814494470928	232.885378901099	1	230.87952934278
CTSZ	1	1	1	1	1	1	534.360622833042	1
CWC15	1	243.398588574549	280.640969767486	1	191.305296737786	125.897553216578	209.633338634793	1
CWC25	280.010529801495	366.697729322483	1	297.975101268033	1	172.363523062808	1	1
CWF19L2	1	178.588424671443	1	1	247.707657762634	131.505817554702	1	1
CXCL16	1	1	1	1	1	1	386.62058947735	427.611272920719
CXCL2	1	1	439.399114741898	1	1	1	598.785023101869	1
CXCL3	1	1	1	1	1	1	384.08650912462	1
CXCL8	1	1	1	1	1	1	860.880917746261	1
CXCR3	1	233.371335735701	1	1	1	1	1	1
CXCR4	3812.11350555148	2414.53375161623	1	2803.55964713864	3142.52122554742	1260.17518869985	1393.08275718357	1
CXCR6	291.762447818514	440.12296701354	1	1	1	1	1	1
CXorf21	1	1	1	1	1	148.173425705537	1	1
CYB561	1	1	1	1	1	1	1	208.652303172434
CYB5A	1	1	1083.84079384671	1	1	1	1	219.388020441612
CYB5B	1	149.493969237	1	209.850992532029	1	1	1	1
CYB5R3	1	1	360.683687052095	1	1	1	1	1
CYBB	1	1	1	1	1	1	346.520129098776	1
CYC1	1	1	1	1	1	168.905609416959	1	1
CYFIP2	1	204.08435647753	1	1	1	1	1	1
CYLD	1	196.407468836277	1	1	251.444492680098	1	129.055505227543	1
CYP20A1	1	180.045113520885	1	1	1	158.975621501558	1	224.661761831319
CYP2A7	1	1	689.234668381361	1	1	1	1	1
CYP3A5	1	1	394.310806684621	1	1	1	1	1
CYTIP	776.668972471212	937.695038290159	1	612.127660730808	890.382441096825	769.552332517291	300.045410798408	1
DAB2	1	1	1	1	1	1	300.862802677828	1
DAP3	1	1	1	1	1	135.722547199178	1	1
DAPL1	1	1	1	1	1	1	1	296.754759245383
DAPP1	1	1	1	1	1	221.297283035275	1	1
DARS	1	191.527505161481	1	1	205.321436828591	170.109487345384	169.610389297862	248.741984068799
DBNL	1	1	1	1	1	1	176.562625387364	241.227852190396
DCTN2	1	1	1	1	1	184.548907918906	1	355.726859570535
DCTN3	1	228.946910079507	293.05020113021	264.342466312632	178.285845181129	220.455891160126	155.326904502458	1
DCTN6	286.525704454304	159.672282018837	1	237.144018059854	1	1	1	1
DDIT3	215.990558652432	1	264.610716366699	234.826106543253	1	174.385367558159	1	892.951318879864
DDRGK1	1	184.787504367574	1	1	1	154.760153600523	1	1
DDX1	1	1	1	1	1	1	1	230.87952934278
DDX23	1	1	1	1	1	1	1	145.79029189491
DDX27	264.724340928193	225.890342073236	1	270.403073898849	319.684608851112	195.473094864291	187.376829984351	1
DDX3Y	1	1	1	1	1	1	134.021738098323	384.435657535266
DDX6	344.317426415033	241.111343525537	1	422.933727062451	348.291150643553	189.365358833926	203.177882279272	1
DDX60L	1	1	1	1	1	1	1	230.87952934278
DEF8	1	1	1	1	1	195.867449558036	1	1
DEK	318.336816518831	261.028406215233	1	291.44297704322	202.397977651707	1	258.281992667053	1
DENND6B	1	1	1	1	1	121.306630128162	1	1
DERA	1	1	1	1	1	1	1	154.301046205401
DERL1	1	178.211616754488	1	1	1	563.274367341765	1	1
DERL2	1	1	1	1	1	238.852804186083	1	1
DERL3	1	1	1	1	1	1725.91179507521	1	1
DGCR6L	1	1	1	1	1	1	1	214.337827492994
DGUOK	209.136611167429	301.160771921897	1	307.653255012521	240.776969225356	193.333838494316	199.865579026923	1
DHPS	1	1	1	1	1	158.007538302916	1	1
DHX29	1	1	1	1	1	170.147744998851	1	1
DKC1	1	1	1	1	1	1	1	224.661761831319
DNAAF1	1	1	1	1	1	287.208867863618	1	1
DNAJA2	1	157.755008450944	1	1	1	1	1	75.4111891500964
DNAJA4	1	1	1	1	1	1	268.72049139186	1
DNAJB14	1	1	1	1	1	225.031001172214	1	1
DNAJB4	1	1	363.524561660999	1	361.300047623843	200.435104090094	199.791762363309	495.942473890475
DNAJC19	1	1	238.626244348846	1	1	1	1	1
DNAJC3	1	1	1	1	1	422.428411348933	1	457.133956918992
DNASE1L3	1	1	911.421352430638	1	1	1	1	1
DNASE2	1	1	1	1	1	165.550098946476	1	1
DNPH1	1	478.098102719862	301.33165222531	1	1	281.191256893207	175.225989405785	1
DNTTIP2	187.686245734412	1	1	1	191.558990704871	1	1	154.301046205401
DOCK8	231.506131182623	218.545375963402	1	1	234.429827139693	139.553795445146	150.263034304952	1
DOK2	294.496403731235	438.422828639557	1	531.953742204284	403.619516440461	1	227.626261689987	1
DONSON	757.712606525069	502.311779746936	1	349.804814891072	1	661.817884921149	363.662135383185	1
DPEP1	1	1	1	1	1	597.695498952576	1	1
DPM1	1	1	1	1	1	148.262158075242	181.280919481209	1
DPYSL2	1	1	1	1	1	1	234.769099844534	1
DRAM2	1	1	1	1	1	201.391326248822	348.496696768529	1
DST	1	1	345.117171734302	1	1	1	1	1
DUSP10	1	343.039139039034	1	1	212.631249706834	1	1	588.581970488717
DUSP2	318.988916021428	1	1	244.808481603384	1	126.335636868602	228.013703035169	1
DUSP22	1	1	1	1	1	1	1	214.337827492994
DUSP23	1	1	256.938490404054	1	1	1	126.941217881772	1
DUSP4	581.310050917778	707.581667018747	1	1	231.300763022118	184.781189860107	187.367701174219	1
DUSP5	1	1	1	1	1	205.408997959307	1	1
DUSP6	1	1	261.408359788561	1	1	1	1	784.04112483604
DUT	204.187294397653	1	1	1	1	150.31073961387	1	1
DYNLT3	1	1	1	1	230.197398952724	1	1	73.6277082845067
EAF2	1	1	1	1	1	230.67115942943	1	1
EAPP	215.973184581943	213.660167476392	1	292.997238515054	233.18264089918	178.330744189196	1	1
EBP	1	1	410.461600357051	1	1	1	1	1
ECHDC2	1	1	393.292549522369	1	1	1	1	1
ECSCR.1	1	1	326.375560073615	1	1	1	1	1
EDEM1	1	1	1	1	1	221.857605808911	1	1
EDNRB	1	1	336.958070658559	1	1	1	1	1
EFHD2	1	1	1	1	1	1	150.560766730874	1
EFNA1	1	1	437.320404570005	1	1	1	1	1
EFNB2	1	1	302.785970549974	1	1	1	1	1
EGFL7	1	1	552.887129488414	1	1	1	1	1
EGR1	1	1	826.665430916097	1	1	1	277.079681559005	494.018488557397
EHD4	1	1	1	1	1	183.143890002801	1	1
EHMT1	1	1	1	1	1	283.674187324083	1	1
EIF1AY	249.873189501475	1	1	1	1	274.296029568469	1	70.2174343908115
EIF2A	1	1	1	1	204.571241787589	280.84969817722	130.582453771565	230.87952934278
EIF2AK4	1	1	1	1	1	177.404084078839	1	1
EIF2S3	1	169.627453671895	1	1	282.081564755418	1	206.464876968735	514.152703280386
EIF4A3	1	1	1	1	1	1	185.033536738846	1
EIF4E2	1	1	1	1	1	1	142.258809605985	1
EIF4EBP1	1	1	1	1	1	1	126.249483292003	1
EIF4H	1	282.621992496769	220.443546389717	1	212.194656804286	1	137.149622348668	140.261302824379
EIF5A	1	187.175289456526	300.335375360052	223.510024717362	1	342.954535865773	350.220270415763	1
EMB	342.692843087521	322.974181455035	1	274.185439891804	350.827876325067	120.605523861152	152.73379643727	1
EMC10	1	206.989561511942	1	1	1	198.447984756428	1	1
EMC3	1	1	1	1	1	139.300748424044	136.158584660071	427.611272920719
EMC6	1	257.950245176108	1	216.163475675546	1	241.858319710591	1	154.301046205401
EMCN	1	1	401.675765714025	1	1	1	1	1
EMD	1	1	1	210.145167254058	1	143.08561773925	1	154.301046205401
EML4	645.184393685442	492.419324291074	1	576.076072905188	609.65588992343	159.451627340831	192.191812419018	1
EMP1	1	1	633.500240849728	1	1	1	1	1
EMP2	1	1	241.107204002572	1	1	1	1	1
ENG	1	1	490.682245838214	1	1	1	1	1
ENTPD1	1	229.005091697655	1	1	1	1	1	1
EPAS1	1	1	685.577938618693	1	1	1	1	1
EPHX1	1	1	506.069827352244	1	1	1	1	1
EPM2AIP1	1	1	1	1	1	1	1	230.927555986328
EPSTI1	1	307.8342894304	1	1	195.851734309241	238.739206189273	377.400108452802	219.533646570117
ERCC1	1	1	1	1	1	1	124.103904438788	1
EREG	1	1	1	1	1	1	321.520697619365	1
ERF	1	1	1	1	1	1	1	234.456284789099
ERGIC1	1	1	1	1	1	157.283847348277	1	1
ERGIC2	1	212.527054774714	1	1	209.056862343109	451.473159403264	1	77.6265097809267
ERGIC3	1	211.65296657603	304.133678712106	1	239.933469133659	810.347512773999	220.088209424466	1
ERLEC1	1	213.123449659238	1	1	1	935.618820800188	1	473.771107516283
ERP44	1	206.401956791157	1	1	1	245.443199119075	202.733413820037	75.4111891500964
ESAM	1	1	358.746668826788	1	1	1	1	1
ETF1	1	1	1	1	1	1	181.682165693754	1
ETHE1	1	1	1	1	1	1	156.296564404411	1
ETS1	420.597854992461	237.020523596967	1	340.401724934401	398.586524008422	1	1	1
ETS2	1	1	337.683471704772	1	1	1	168.105809838021	1
EVL	638.671061698068	726.472845195108	1	722.13082874545	818.648538681785	121.22501764822	258.008380995172	1
EXOSC1	1	1	1	1	1	156.542968995341	1	1
EXOSC8	1	1	1	1	1	1	1	143.608656474617
EZR	852.084415699676	634.926007106087	1	611.10441835136	818.870511199143	590.374953204798	602.588943112656	1
F2	1	1	382.256536983674	1	1	1	1	1
FABP1	1	1	1958.6355663576	1	1	1	1	1
FABP5	472.25254308594	162.779944823845	324.538525286169	1	1	1	656.412017278221	1
FAM103A1	1	187.863406738418	1	1	1	1	1	235.613279235074
FAM105A	1	1	1	1	1	1	1	77.6265097809267
FAM107B	209.0989912652	246.715584009462	1	231.368742192434	279.539899938619	178.242631992985	1	1
FAM118A	470.282311692741	216.105654009019	1	260.588228588745	222.70773594393	157.815366687703	1	1
FAM120A	1	1	1	1	1	1	141.112869184005	1
FAM129A	1	215.875038159865	1	1	226.636403953206	1	1	1
FAM174A	1	1	1	1	1	204.964730740105	1	1
FAM204A	1	239.910186268864	1	1	1	192.143124356399	1	1
FAM214A	1	1	1	1	1	175.215735583875	1	1
FAM228B	1	1	1	1	1	1	1	219.388020441612
FAM32A	1	206.705907787984	1	1	1	1	1	1
FAM3C	1	1	1	1	1	327.666522926032	1	1
FAM46C	538.229688709743	438.900933065034	1	336.05259182434	340.377961720348	640.878531190227	1	1
FAM49A	1	1	1	1	1	229.78668911512	258.714802357202	1
FAM65B	1	1	1	1	228.543788953859	1	1	1
FAM92B	1	1	1	1	1	203.022618503229	1	1
FBXW7	1	1	1	1	1	309.886707601339	1	1
FCER1G	1	1	1	791.033825758699	1	1	1999.19621995576	1991.66947101665
FCGR2A	1	1	1	1	1	1	420.699744603702	1
FCGR2B	1	1	1	1	1	246.657676561798	1	1
FCGR3A	1	1	1	476.169324625263	1	1	405.675300576402	1
FCGRT	1	1	595.015490301966	1	1	336.179952180578	818.947968186189	1
FCN1	1	1	1	1	1	1	360.144871169899	1
FCN3	1	1	479.232733423181	1	1	1	1	1
FCRL5	1	1	1	1	1	399.211317180072	1	1
FDPS	1	182.050942376309	605.491782632222	1	1	363.137617719766	1	1
FER	1	1	1	1	1	1	1	716.809971210259
FERMT3	1	1	1	1	1	1	168.645316211757	154.301046205401
FGA	1	1	686.674704435594	1	1	1	1	1
FGB	1	1	1024.01310062086	1	1	1	1	1
FGFBP2	1	1	1	1037.17453744615	1	1	1	1
FGG	1	1	1211.79548617426	1	1	1	1	1
FGL1	1	1	561.273423042646	1	1	1	1	1
FGL2	1	1	1	1	1	1	488.05923604106	1
FIBP	1	1	1	1	1	177.620036218345	157.291643287975	419.258882263351
FKBP11	267.200345596016	1	1	375.482907882119	439.20077694459	2156.92481492845	1	1
FKBP3	1	1	275.11335024213	1	1	1	1	1
FKBP5	216.618048002388	210.720674757169	1	1	357.002979237016	1	212.661023010042	1
FLNA	1	1	1	228.124728048175	1	1	1	1
FLOT1	1	1	252.725375851075	1	1	1	162.557833186754	311.933919889035
FLT1	1	1	387.040111096427	1	1	1	1	1
FLT3LG	1	1	1	1	205.985794293674	1	1	1
FMNL1	1	161.242646728562	1	239.715056446883	1	191.939317841765	149.517136694609	1
FN1	1	1	591.684641542224	1	1	1	1	1
FNBP1	585.719848736478	484.229367690827	1	437.340230202024	441.768782041679	369.457919424289	351.283391196947	1
FNBP4	1	1	1	1	1	193.972619892534	1	1
FNDC3A	1	1	1	1	1	272.117264416431	1	1
FNDC3B	1	1	1	1	1	234.152500671289	1	1
FNIP2	1	1	1	1	1	1	233.367647360393	1
FO538757.2	1	1	1	1	1	1	1	230.87952934278
FOLR2	1	1	1	1	1	1	283.018824445812	1
FOPNL	1	1	1	1	1	1	1	208.652303172434
FOSL2	255.003827126771	208.17294435149	1	418.77103984169	256.153998535123	173.980094424273	445.498670611621	1
FOXN3	1	190.762329508984	1	1	1	1	1	1
FOXO3	1	1	1	1	1	214.819132019661	1	214.337827492994
FOXP3	1	215.787226161468	1	1	1	1	1	1
FPR1	1	1	1	1	1	1	195.335154356196	1
FPR3	1	1	1	1	1	1	146.829149488447	1
FRG1	1	197.120478421541	1	1	1	136.249210336001	133.278759538804	1
FRMD4B	1	239.216983102468	1	1	1	1	177.805922054238	1
FUOM	1	1	1	1	1	280.629379889951	197.583019961475	1
FUT8	1	1	1	1	1	176.088747871928	1	1
FXR1	1	1	1	1	1	1	152.086278041086	1
FXYD1	1	1	509.507611443952	1	1	1	1	1
FYB	881.033048928596	700.173987055151	1	507.070995323525	772.059339813586	139.062698228586	412.519052072609	1
FYN	746.264150377723	346.274041799478	1	600.802120999527	521.628706797305	192.326344249941	1	1
G0S2	1	1	406.930993240884	1	1	1	1043.69813109228	1
G3BP1	1	189.654259330042	1	1	1	1	172.662954927733	1
G6PD	1	1	1	1	1	1	1	419.258882263351
GABARAP	1	1	1	1	1	183.629213409669	224.804105504034	1
GABPB1	1	1	1	1	1	1	1	285.231656430217
GADD45A	1	375.8437185411	1	1	1	306.445661834448	1	1
GADD45G	1	216.906510382038	1	1	1	1	1	1
GADD45GIP1	1	176.567575753505	1	1	1	214.127319956661	1	1
GALC	1	1	1	1	1	1	1	650.290128342287
GALM	234.080664131664	230.315270235343	1	1	1	1	1	1
GATA2	1	1	1	1	1	1	1	885.466693113698
GATA3	277.211180149318	246.740231369101	1	263.775993511302	1	1	1	1
GATM	1	1	329.508488435868	1	1	1	1	1
GBP2	346.82225871386	598.930540933727	1	288.777070866835	231.515273502687	1	170.842976882864	1
GBP5	1	381.065038305648	1	1	1	223.171857662933	1	1
GC	1	1	1202.91077904709	1	1	1	1	1
GCA	1	1	1	1	1	1	238.337711237095	1
GCC2	426.702760763578	394.677455727143	1	320.763187725785	338.713208092491	279.488821362862	154.22463151146	1
GCHFR	1	1	273.89475099275	1	1	1	1	1
GEM	1	231.736168609622	1	1	1	1	1	1
GGH	1	1	288.79972914715	1	1	1	1	1
GIMAP4	233.82668840007	1	1	272.815319489868	397.132486901428	1	141.327667434528	1
GIMAP7	407.960011649961	210.429468013673	525.038866140865	438.118885798012	495.073933687808	1	1	1
GK	1	190.81601689253	1	1	1	1	219.344913328451	1
GLA	1	1	1	1	1	1	216.899727916615	230.673771873179
GLCCI1	1	196.396008534158	1	1	1	1	1	1
GLG1	1	150.003374310363	1	1	1	203.261366615022	1	1
GLIPR1	370.529103767062	370.007362534072	1	471.777141941691	546.718504918596	228.096076137298	442.553766616707	1
GLIPR2	1	1	1	246.512098522863	1	1	272.440686883676	1
GLRX	1	706.678117652835	1	1	217.305211818376	432.961482327094	246.433852449497	1
GLRX3	1	1	1	1	1	1	154.932427513238	1
GLS	1	1	1	1	1	1	163.191224900583	1
GLTSCR2	414.864871411985	241.281469381235	1	1	1	308.660518564186	1	1
GLUL	1	1	324.808376182454	1	295.09056846849	1	894.377873551878	2407.33360447213
GMPPA	1	1	1	1	1	181.75915351116	1	1
GMPPB	1	1	1	1	1	203.841536881359	1	1
GNA13	1	1	1	1	1	1	285.328015985312	1
GNAI2	1	1	336.17323395792	1	1	1	370.520228596163	1
GNAI3	1	184.909648646211	1	1	278.456624263445	1	248.946070235263	299.891206263991
GNB1	1	1	1	1	1	1	150.77689522932	1
GNG11	1	1	1259.40738357758	1	1	1	1	1
GNG2	353.390900636809	374.893540034852	1	564.496836737678	285.261189988083	214.517391002391	1	1
GNG7	1	1	1	1	1	451.854828784268	1	1
GNL1	1	1	1	1	1	1	1	218.598061890345
GNL3	1	1	1	1	1	240.359847971288	1	1
GNLY	1	1	1	3141.03606589726	1	229.17539128696	1	1
GOLGA4	1	1	263.681263811129	1	1	158.03064302769	1	1
GOLGB1	210.385054005933	1	1	1	1	176.600599392125	1	1
GORASP2	1	1	1	1	1	282.086689908455	1	1
GOSR1	1	1	1	1	1	1	1	143.061983247517
GOSR2	1	1	1	1	1	151.528950369001	1	1
GPATCH8	1	162.064676528614	1	222.333514782399	1	1	1	1
GPI	1	1	1	1	1	1	1	81.0759507301319
GPNMB	1	1	1	1	1	1	392.210071492952	1
GPR171	447.539439700656	287.39437804214	1	317.812185492105	750.024895427101	1	1	1
GPR18	243.910086710847	1	1	1	1	1	1	1
GPR183	362.264354237499	581.755291408497	1	1	938.026054888861	1	1071.69081273773	154.301046205401
GPSM3	560.236901318966	587.944033257197	1	518.958613725169	715.484587130299	249.875635815485	470.147943236702	1
GPX3	1	1	395.162261647411	1	1	1	1	1
GRHPR	1	1	287.030889202766	1	1	1	1	1
GRINA	1	1	1	1	1	1	207.950198414492	1
GRPEL1	1	1	1	1	1	1	1	219.388020441612
GSN	1	1	621.644822137758	1	1	1	344.513156826863	286.366185384963
GSPT1	255.635313866837	1	1	1	1	1	1	1
GSTA1	1	1	1215.47038480015	1	1	1	1	1
GSTA2	1	1	405.057930491202	1	1	1	1	1
GTF2B	364.063578756344	267.056375243992	1	1	299.335418957839	197.196134126825	139.352363094602	234.456284789099
GTF2I	1	1	269.943758260841	1	1	1	1	1
GTF3A	208.898799423406	1	1	1	228.009299003596	317.833589360316	1	1
GTF3C6	1	308.107635371869	241.815598789552	1	1	147.474458257569	202.160339724985	1
GUSB	1	1	1	1	1	207.212684910834	1	67.6335945398719
GZMA	1719.24305327586	377.153839460056	1	1821.04248065338	1034.71666978016	341.275949233618	1	1
GZMB	1	1	1	2569.5139089417	1	225.773881779067	246.525147619169	1
GZMH	587.908864936169	1	1	1611.16605349935	1	156.550876265041	1	1
GZMK	1655.51226370873	246.155288804216	1	653.258824945536	908.014268813888	198.514814249551	1	1
GZMM	541.856942749412	238.402701012826	1	763.885865597853	378.758700499743	1	1	1
H1F0	1	1	224.758846356234	1	1	1	1	397.192624378905
H2AFJ	1	201.415966122043	426.789961118526	235.994867095045	1	134.125208846439	212.940276383726	1
H2AFV	268.146968160663	163.101410493664	1	237.910237677885	1	309.67755370784	182.04988113339	1
H2AFY	1	143.050864095094	1	1	1	180.037038101868	402.711093773747	1
HADHA	1	254.739479394815	208.623354758487	1	1	1	253.601648586883	1
HADHB	1	176.032068582979	1	1	1	1	1	231.908157783616
HAVCR2	1	1	1	1	1	1	189.023621540124	1
HBB	1	1	1	515.21775457903	1	1	1	1
HBEGF	1	1	1	1	1	1	293.386620776887	1
HBP1	277.2442564729	335.145871580263	1	1	1	122.066870009782	1	200.900783619616
HBS1L	1	1	1	1	1	1	1	200.900783619616
HCFC1R1	1	1	205.354695739653	1	1	1	1	1
HCK	1	1	1	1	1	1	245.020354540284	1
HDC	1	1	1	1	1	1	1	529.476563984972
HDLBP	1	1	1	1	1	360.733025765836	1	1
HEG1	1	1	1	1	1	1	1	140.677087671552
HES1	1	1	1399.8265774765	1	1	1	401.257283540434	77.6265097809267
HEXIM1	200.627102875967	203.747106421527	1	1	1	1	1	418.783908473136
HIF1A	1	1	219.148260329432	1	1	1	374.36183963885	154.301046205401
HIGD1A	1	1	1	1	1	1	132.190192922229	1
HINT2	1	1	283.226392823705	1	1	264.481156278325	1	1
HIST1H1C	1	1	447.338851596003	1	1	501.49148331078	1	1
HIST1H2AC	1	1	1	1	1	362.600385578815	1	1
HIST1H2AE	1	1	1	1	1	194.40310710366	1	1
HIST1H2BD	1	1	1	1	1	281.003017218312	1	1
HIST1H2BG	1	1	1	1	1	423.42297274843	1	1
HLA.DMA	262.970091526089	215.523223574579	1	1	1	255.323422036182	1074.7772100114	1
HLA.DMB	1	1	1	1	1	1	624.902515882155	1
HLA.DQA1	399.444185432675	1	1	1	1	148.953283774554	1554.75408368173	1
HLA.DQA2	211.498010192401	1	1	1	1	1	770.541373053341	1
HLA.DQB1	438.947003432887	328.880367229823	1	1	1	263.930200333397	1734.02521152653	1
HMCES	1	1	1	1	1	162.173834959076	1	1
HMGCS1	1	1	1	1	1	1	1	208.785780445069
HMGCS2	1	1	351.716779776045	1	1	1	1	1
HMGN5	1	1	1	1	1	1	1	200.900783619616
HMOX1	1	1	1	1	1	1	346.474210194194	1
HMOX2	1	1	1	1	198.157896429198	1	1	137.1374250619
HNMT	1	1	1	1	1	1	278.906326955804	1
HNRNPD	1	1	1	1	1	245.748418668157	1	502.286117565518
HNRNPH2	1	246.917557275366	1	1	1	1	1	1
HNRNPLL	1	190.853735868213	1	1	1	1	1	1
HNRNPUL1	305.525097680871	171.917931269371	1	336.075011276287	452.718213650923	180.954174464172	171.480532698464	1
HOPX	280.590153373108	1	1	538.263309484987	302.800835121897	1	1	1
HP	1	1	1450.52366638343	1	1	1	1	1
HPD	1	1	545.515266973677	1	1	1	1	1
HPGD	1	1	1	1	1	1	1	2200.08255266111
HPGDS	1	1	1	1	1	1	1	2460.79565223737
HPRT1	1	218.55231868084	1	1	1	1	155.17514290248	1
HPX	1	1	558.97009155513	1	1	1	1	1
HRG	1	1	444.549109449882	1	1	1	1	1
HSD17B12	1	1	1	1	1	1	1	275.48484198728
HSD17B6	1	1	505.461852294384	1	1	1	1	1
HSD17B8	1	1	1	1	1	144.556199637633	1	1
HSH2D	1	1	1	1	1	193.849296533541	1	1
HSPA13	1	1	1	1	1	163.969731236692	1	1
HSPA6	1	1	525.462108851616	428.129440270425	711.731388948216	773.179353613829	481.975777529905	495.942473890475
HSPB11	237.884961194293	217.26859932127	1	205.880130201292	1	155.496116587492	1	405.60767357334
HSPG2	1	1	505.375698704347	1	1	1	1	1
HULC	1	1	449.433339157006	1	1	1	1	1
HUWE1	1	1	1	1	1	1	1	230.673771873179
HYAL2	1	1	435.414727044297	1	1	1	1	1
IAH1	1	1	1	1	1	1	178.553656591185	1
ICA1	1	479.150959696201	1	1	1	1	1	1
ICAM1	1	1	1	1	1	1	240.163232850607	442.242065234168
ICAM2	1	228.79430776435	334.050237495524	1	239.426247697868	589.459513140614	1	1
ICOS	306.336703421281	690.012909609651	1	1	257.12356966247	1	1	1
ID3	1	341.098174596973	904.14429921777	1	1	1	217.73418591037	1
IDH3B	1	1	1	1	1	1	164.568163367736	73.8445488567055
IDH3G	1	1	1	1	1	1	148.952794827128	1
IDNK	1	1	1	1	1	1	1	154.301046205401
IER3	1	1	292.430467150193	1	1	1	634.640926778128	208.652303172434
IER5	1	1	1	1	1	1	329.421890740205	1
IFI27	1	1	3791.18414651577	1	1	1	489.148032622945	1
IFI30	1	1	1	1	1	1	536.569730199232	1
IFI35	1	1	1	1	1	171.781556827535	1	1
IFI44L	1	1	293.535076258868	1	201.520019087232	1	183.548660004334	308.09780034962
IFITM1	1	1	1	263.038274634183	1	1	1	1
IFITM3	1	1	3748.23270043575	366.030307804291	1	1	1014.82904303376	797.674571724503
IFNAR1	1	1	1	1	1	245.487424688531	1	1
IFNAR2	1	1	1	1	1	320.323214545922	1	1
IFNG	513.702370909557	1	1	360.60811146588	321.453163987433	1	1	1
IFNGR1	213.103960789489	1	1	469.772869469905	300.77128280068	1	315.155471415076	494.244867460591
IFT20	1	1	1	1	1	256.619775217471	1	1
IFT57	1	1	1	1	1	120.335858896781	1	419.258882263351
IGBP1	1	218.164488529747	1	1	229.75805127109	251.767247002432	153.121211708803	1
IGF1	1	1	1	1	1	178.37978186346	1	1
IGFBP4	1	1	539.19783780667	1	1	1	1	1
IGFBP7	1	1	985.712878374845	1	1	1	1	1
IGHA1	1	209.665613174885	1	329.782917226877	1	1781.45767074008	1	1
IGHA2	1	1	1	1	1	782.639701593528	1	1
IGHG1	1	1	1	1	1	6040.15185809583	1	1
IGHG2	1	1	1	1	1	2140.86309845967	1	1
IGHG3	495.624702704232	372.642799975883	1	358.922759898176	1	5642.7017234536	1	1
IGHG4	938.264058234938	748.434554157264	1	588.569609279109	1	6737.45048372237	208.17319750783	1
IGHGP	1	1	1	1	1	1507.00317843811	1	1
IGHM	1	1	1	1	1	905.111511449386	1	1
IGKV1.12	1	1	1	1	1	469.823100010023	1	1
IGKV4.1	1	1	1	1	1	218.832447968113	1	1
IGLC3	1	1	1	1	1	3123.2031759724	1	1
IGLC6	1	1	1	1	1	212.773353756029	1	1
IGLC7	1	1	1	1	1	296.451508450963	1	1
IGLL5	1	1	1	1	1	361.39181240861	1	1
IGLV3.1	1	1	1	1	1	265.995609139682	1	1
IGLV6.57	1	1	1	1	1	455.329190469962	1	1
IGSF6	1	1	1	1	1	1	499.951534752312	1
IK	302.042959744092	334.237727908622	264.785669971972	384.392194180734	352.850424032758	1	223.145599491227	1
IKBIP	1	1	1	1	1	152.566964531295	1	1
IKZF3	261.807688293944	1	1	1	278.268484143244	129.533035884494	1	1
IL10RA	237.160641909572	368.953609630767	1	1	217.960182076609	1	174.096084507946	1
IL16	1	1	1	1	1	255.193555893848	1	1
IL18	1	1	1	1	1	1	207.112564962279	1
IL1B	1	1	1	1	1	1	710.61806530512	1
IL1RL1	1	1	1	1	1	1	1	1880.8058930372
IL1RN	1	1	1	1	1	1	297.768087532546	1
IL27RA	1	1	1	233.762741858429	1	1	1	1
IL2RA	1	455.239742700785	1	1	1	1	1	1
IL2RB	1	224.254857757425	1	315.511552925787	1	1	1	1
IL2RG	665.755643931183	1087.96685498772	1	820.376534766763	833.719092634042	514.806620039697	314.199821253397	1
IL6ST	1	207.055737809308	372.248383751494	1	1	206.867271473384	1	1
IL7R	757.801556568299	1086.75868987306	1	355.752605771233	1934.64910448811	1	231.58771869694	1
ILF3	1	170.251543744128	1	1	209.061927523972	193.202682318778	1	1
ILK	1	1	1	1	1	1	1	249.481653746558
IMP4	1	1	1	1	1	155.128875585425	1	1
INSIG1	1	1	462.119260266141	1	1	1	309.797522554365	1
INSIG2	1	1	1	1	1	136.8781902506	1	1
INSR	1	1	588.401185278164	1	1	1	1	1
INTS6	1	1	1	231.343541835193	274.616555394979	1	1	224.233567450289
IP6K2	1	1	1	1	1	1	1	320.51808795443
IQGAP2	253.751131202887	1	1	1	1	1	1	1
IRF2BP2	214.863079792771	1	1	1	1	144.530922193087	257.669951046386	1
IRF3	1	188.55643887803	1	1	1	183.281998725573	1	1
IRF7	1	1	1	1	1	176.845673848541	207.495948582675	1
IRF8	1	1	1	1	1	1	271.499755743998	1
IRF9	1	1	1	1	1	166.045521315743	1	1
IRS2	1	1	1	1	1	1	161.830605165844	1
ISCA1	289.491876681506	218.605339641698	1	227.165241052398	1	154.037213905128	1	1
ISG20	1218.13292322277	1127.05783058649	1	1407.36236054794	1189.90314917156	1704.8854604952	503.717080424301	1
ISOC1	1	1	1	1	1	1	1	140.677087671552
ITFG1	1	1	1	1	1	148.07847489192	1	224.661761831319
ITGA4	221.339052456134	1	1	1	1	1	1	1
ITGAE	1	1	1	1	1	198.144910139059	1	1
ITGAX	1	1	1	1	1	1	177.965245904577	1
ITGB2	558.824480653656	606.274743389601	1	729.846585039077	511.330610206968	219.500767103721	665.030124496712	1
ITIH1	1	1	315.461916350118	1	1	1	1	1
ITIH3	1	1	500.594153521894	1	1	1	1	1
ITK	207.00340353536	220.401003196508	1	1	241.690640146563	1	1	1
ITM2C	1	1	1	1	1	1529.29895133332	1	290.964337273921
IVNS1ABP	244.063739873266	228.580484501617	330.327679797239	322.110165908094	239.280873316559	1	220.018838845604	1
JAGN1	1	1	1	1	1	175.6395634828	1	1
JAK1	341.109301430561	215.00022359477	1	239.336146340399	225.141592381859	136.59543988686	1	1
JAML	351.385815659074	1	1	1	336.289497201212	1	313.563743842707	1
JARID2	1	1	1	1	1	1	152.072604621714	1
JCHAIN	1	1	1	1	1	3546.31331212192	1	1
JMJD6	261.808056848917	1	1	298.386544033163	205.598718863509	131.788618062613	1	502.286117565518
JSRP1	1	1	1	1	1	294.646703160688	1	1
KCNQ1OT1	1	1	294.762309629558	1	1	150.819058783805	1	1
KCTD12	1	1	1	1	1	1	262.12384033596	1
KDELR1	1	1	245.042762637321	1	1	658.629225241514	155.260556170462	1
KDELR2	1	1	1	1	1	487.519853632066	1	1
KDM2A	1	130.901866482349	1	1	1	1	1	161.202090084977
KDM6B	1	168.892626957872	1	259.070565964815	225.693882334757	1	299.199497580402	303.810746559594
KIAA0125	1	1	1	1	1	331.189128713033	1	1
KIAA1551	227.634465406327	181.502259800969	1	1	323.718827303915	1	1	1
KIF20B	1	197.809466309349	1	1	1	1	1	1
KIT	1	1	1	1	1	1	1	646.07792042194
KLF10	1	1	1	1	1	1	212.515987294601	273.528491904122
KLF13	1	1	1	1	1	271.998088954807	1	1
KLF2	1	1	291.17557113012	1	1	256.115784442535	1	1
KLF4	1	1	297.043903961836	1	1	1	244.535012395267	1
KLRB1	918.859369579195	809.74635217745	1	2119.20333001463	1765.43721892788	397.723268654452	1	1
KLRC1	1	1	1	318.341498065367	1	1	1	1
KLRD1	667.512575655949	1	1	1780.45292374105	1	227.307378238244	1	1
KLRF1	1	1	1	988.784914186746	1	1	1	1
KLRG1	265.058535516138	1	1	230.152489610382	234.977583690265	1	1	286.26351868849
KMT2A	1	1	1	1	1	177.903481063134	1	1
KNG1	1	1	994.01871807144	1	1	1	1	1
KPNA2	323.258601432969	182.166470170945	1	1	1	1	182.893671701207	254.825655144569
KRT10	1	1	1	1	1	170.121903233788	1	1
KRT18	1	1	713.602304026482	1	1	1	1	1
KRT19	1	1	1	1	1	1	1	286.26351868849
KRT8	1	1	581.073485711845	1	1	1	1	1
KTN1	235.489847195303	1	279.799930724606	1	1	230.841494475568	227.494625938563	279.057480974654
KYNU	1	1	1	1	1	1	191.233721711222	1
LAIR2	1	663.916129652553	1	1	1	1	1	1
LAMP1	1	1	1	1	1	1	193.373816294975	1
LARP7	1	176.798006309415	1	1	1	1	136.75519293969	1
LAT	285.333482994047	389.545505854572	1	211.986621050746	351.953673677413	1	1	716.809971210259
LAT2	1	1	1	1	1	1	1	391.76955003915
LAX1	1	1	1	1	1	162.937679648728	1	154.301046205401
LAYN	1	212.749224526964	1	1	1	1	1	1
LBH	388.226280594034	383.990126192498	1	317.033327360057	289.545313488073	1	1	1
LCK	595.580290648487	747.650487632847	1	440.672681389218	556.505683356384	1	1	1
LCP2	1	1	1	1	1	1	221.809380216085	67.832538814846
LDB2	1	1	369.370988977164	1	1	1	1	1
LDLRAD4	1	1	1	1	1	1	221.289491394107	1
LEAP2	1	1	535.806331447747	1	1	1	1	1
LEO1	1	1	1	1	1	1	1	1128.71444438663
LGALS2	1	1	1	1	1	1	537.253401615456	1
LGALS3BP	1	1	1	1	1	1	180.890166359683	1
LGALS4	1	1	614.375865086255	1	1	1	1	1
LGALS9	1	1	1	1	1	1	256.346582840447	1
LGMN	1	1	1	1	1	1	553.425367522673	1
LILRB4	1	1	1	1	1	1	216.380758376842	1
LIMA1	1	1	266.062123010525	1	1	1	1	1
LIMS1	260.4581838901	236.464825354049	1	1	1	1	352.567702139846	151.784405639544
LINC.PINT	222.223815441761	1	1	198.299453298657	298.582739489545	350.330281486278	1	1
LINC00116	1	1	1	1	1	1	158.912848738692	1
LINC00969	1	1	1	1	1	171.462278384831	1	1
LINC00998	1	1	1	1	1	1	244.557312688223	1
LINC01272	1	1	1	1	1	1	213.473382184854	1
LIPA	1	1	1	1	1	1	510.280364907237	495.885392044277
LLPH	1	1	1	1	1	1	1	429.160023953624
LMAN1	1	193.001996756345	205.108327257606	1	1	690.763043487835	1	1
LNPEP	1	1	1	1	1	146.022132708571	1	1
LPAR6	1	1	1	1	244.977728570221	1	1	1
LPCAT2	1	1	1	1	1	1	1	270.888421555655
LPIN2	1	192.813642946151	1	1	1	1	1	1
LPP	1	1	242.069610889161	1	1	1	1	1
LPXN	1	226.473769469119	1	1	242.463966449172	150.807502839052	176.276939088316	1
LRRC59	1	1	1	1	1	284.243956021037	1	685.054247342792
LSM1	204.039669835224	239.612330323286	1	1	1	252.734932394722	1	67.6335945398719
LSM10	1	169.671886802414	1	1	1	273.830502224599	143.35741892905	1
LSM14A	242.555730955911	181.654931904844	1	1	240.406681680779	1	137.207626446971	397.192624378905
LSM6	1	172.841442946695	1	1	1	1	225.253896063404	67.832538814846
LST1	1	172.004266388555	1	1	213.813286466787	1	1174.58459125574	1
LTB	383.197267642983	1706.15809790122	1	259.217879595784	1097.70915629959	148.400313322406	278.666046384812	524.852157257815
LY86	1	1	1	1	1	1	391.899646034952	1
LY9	1	1	1	1	1	200.317275903742	1	1
LY96	1	1	1	1	1	630.395098993246	542.95238351594	1
LYAR	372.848482366414	1	1	476.506778778343	387.53630483906	1	1	1
LYN	1	1	1	1	1	1	142.141986243462	1
LYPLA1	1	1	1	1	1	1	169.734621588039	154.301046205401
LYST	705.187665307619	350.441352171371	1	335.316010549186	1	135.789586733199	1	1
LYZ	1	1	1	1	1	1	1796.73044294981	1
M6PR	1	1	1	1	223.402310288913	1	233.798862285466	405.60767357334
MAF	311.209513767395	454.340582395567	1	1	256.876851435769	1	227.615519410049	1
MAFB	1	1	1	1	1	1	314.125650738091	1
MAGED2	1	1	1	1	1	206.884221424225	1	235.470092065113
MAGEH1	1	286.174507792707	1	1	1	1	1	1
MAGT1	1	1	1	1	1	196.26076705218	1	1
MAN1A1	1	1	1	1	1	183.130388183594	1	1
MANEA	1	1	1	1	1	166.614892601408	1	1
MAOB	1	1	1	1	1	1	1	436.016062069761
MAP3K2	1	1	1	1	1	1	155.917144490835	1
MAP3K8	1	1	1	1	1	1	286.961405560083	1
MAP4	1	1	219.767810917104	1	1	1	1	1
MAPK1	1	1	1	231.772464148929	1	1	1	514.152703280386
MAPKAPK5.AS1	1	1	1	1	1	1	1	419.258882263351
MAPRE1	197.671808631311	240.66127389446	1	1	1	224.099960449396	222.703299325597	499.582225747202
MAPRE2	1	1	1	234.419726373232	1	1	1	1
MARCH1	1	1	1	1	1	1	155.30306414938	1
MARCKS	1	1	1	1	1	1	432.974255101482	1
MAST4	1	168.749597428299	244.058883048855	1	1	1	1	799.416221968876
MAT2A	1	1	243.11630512779	1	1	1	287.917997320763	1
MAT2B	1	253.708991876024	1	1	1	118.159646470458	1	1
MATK	1	1	1	238.346916877391	1	1	1	1
MAX	1	1	1	1	1	174.245523864055	1	1
MBNL1	456.111443370243	444.710542474391	1	460.349263405456	415.860189569001	135.070535001473	281.842858515577	1
MBP	187.120183572965	1	1	1	1	1	1	1
MDK	1	1	294.897230187079	1	1	140.709891956971	1	1
MDM4	1	1	1	1	230.411512113085	168.911223073678	207.19499104664	1
MECP2	232.955542967471	183.297563308454	1	273.014436077602	295.263755902404	1	183.019125420108	1
MED21	1	217.995532961769	1	1	1	1	1	551.971640124127
MED31	224.082604882498	1	1	1	1	1	1	429.160023953624
MED4	253.545779100919	283.325075185425	1	276.483817051158	210.634788483371	182.276887829335	1	1
MEI1	1	1	1	1	1	361.601328217424	1	1
METRNL	1	1	1	1	1	1	187.872961461058	1
METTL23	1	1	1	1	1	198.135601742357	1	1
METTL3	1	1	1	1	1	1	1	154.301046205401
METTL7A	1	1	1	1	1	177.429825286533	1	1
METTL8	1	336.07965412876	1	1	1	1	1	1
MFF	1	1	1	1	1	187.64873188614	1	154.301046205401
MFSD1	1	1	1	1	1	1	291.602128673134	1
MGAT1	1	1	1	1	1	220.654786774089	287.689653543882	1
MGAT2	1	1	1	1	1	157.828475534411	1	1
MGAT4A	1	1	1	1	278.436263968982	1	1	1
MGEA5	303.569175219216	235.534273511261	1	307.718622247865	246.27482845953	225.402503240233	154.875944370585	1
MGP	1	1	1166.75921576061	1	1	1	1	1
MGST1	1	1	1186.61666198262	1	1	1	1	1
MGST2	1	1	566.515401751385	1	1	1	219.050613398522	1
MIEN1	1	292.971168314178	279.423037443785	251.80955786291	1	194.277432588015	188.956683792926	1
MIER1	238.889920143619	216.290905109203	1	1	216.634439116214	1	1	1
MIR155HG	1	1	1	1	1	275.510599233787	1	1
MIR4435.2HG	1	451.746914750544	1	1	1	316.031046496806	179.52477220647	218.598061890345
MITD1	1	191.695395856625	1	1	1	1	1	1
MLF2	1	1	313.4708171763	1	1	1	1	1
MLXIPL	1	1	465.738087396817	1	1	1	1	1
MMADHC	1	229.531289348483	1	233.431296838466	199.76925314156	280.072167000013	186.559709368921	214.337827492994
MNDA	1	1	1	1	1	1	403.954798288151	1
MOB1A	277.844507397514	215.179572936358	1	314.102594455258	225.410059708563	174.037165374024	332.622192754655	1
MOB4	320.19272390209	260.535404460051	1	259.942070548639	203.603063154116	156.442800666551	1	1
MPEG1	1	1	1	1	1	1	261.284511459177	1
MPLKIP	1	1	261.400259713269	1	1	1	1	214.337827492994
MPP1	1	1	1	1	1	1	1	321.369692353306
MRPL1	233.234218142632	227.681508008206	1	1	1	1	1	1
MRPL10	1	1	1	204.573301185748	1	1	1	1
MRPL11	1	1	1	1	1	1	156.908669624619	1
MRPL12	1	1	225.424669630363	1	1	1	1	1
MRPL24	1	1	201.681275937239	1	1	1	1	1
MRPL27	1	1	304.407249722678	1	1	1	1	1
MRPL34	1	153.521809274458	250.039076644732	1	1	200.423776745589	1	1
MRPL36	1	1	1	1	1	187.917793548266	1	1
MRPL41	218.60659422819	188.797878983048	276.637949174538	241.194992811004	1	245.519428042761	1	67.6335945398719
MRPL42	1	139.905865165428	1	1	1	1	1	581.028201527263
MRPL43	1	1	1	1	1	195.997697154316	1	1
MRPL47	187.088529485646	202.458109384168	212.920014998238	1	1	1	159.981009447631	1
MRPL50	1	1	1	1	1	181.025557165555	1	1
MRPS12	1	1	1	1	1	175.229231779923	1	1
MRPS14	1	1	1	1	1	161.614926484821	1	270.888421555655
MRPS18C	1	224.626472819682	251.35258961312	271.783984387993	1	130.787224797996	159.021921558888	1
MRPS31	1	1	1	1	1	195.772412077654	1	1
MRPS34	1	1	1	1	1	191.430102189604	1	1
MS4A2	1	1	1	1	1	1	1	1788.12111667936
MS4A4A	1	1	1	1	1	1	338.493374738948	1
MS4A6A	1	1	1	1	1	1	891.994057358838	1
MS4A7	1	1	1	1	1	1	756.46915918711	1
MSI2	1	240.082759913994	1	1	1	308.584469832014	1	514.152703280386
MSR1	1	1	1	1	1	1	394.328344425096	1
MT.ND6	1	1	1	1	1	262.379002465461	1	1
MT1E	1	1	899.810431246357	1	1	1	1	1
MT1X	1	220.211611336668	840.30181007866	1	315.667827534328	305.957790578055	445.586524719703	1
MTCH2	1	1	258.980181579001	1	1	1	1	1
MTDH	290.789046752404	243.215493429129	1	1	1	424.341200055931	236.431050885963	1
MTPN	1	1	1	1	1	1	290.278570526575	201.497616444538
MTUS1	1	1	371.683176964747	1	1	1	1	1
MX1	1	1	1	1	1	1	1	154.301046205401
MXD1	1	1	1	1	1	1	367.348101546043	1
MYCBP2	1	1	1	1	1	150.20729256044	1	1
MYL6B	1	1	1	1	1	167.698210490023	1	1
MYL9	1	1	404.149420028966	1	1	1	1	1
MYLIP	295.506353020234	1	1	1	216.442562408003	1	1	154.301046205401
MYO1F	1	1	1	293.601690132191	225.162522326105	1	181.153704341364	1
MZB1	1	1	1	1	1	3523.14990693475	1	1
MZT2A	231.763401160382	221.627617088104	1	1	1	235.184554747778	1	1
MZT2B	342.320473789287	224.621660991808	1	1	1	622.49450366173	202.409031169316	1
NAA50	345.248179197982	212.381812662654	1	257.817263497069	255.730215752069	117.669197938121	159.101459382649	1
NABP1	1	305.636247329051	1	1	282.05770956363	169.94636625744	279.891108345134	397.192624378905
NAF1	1	1	1	1	1	1	1	200.900783619616
NAGK	1	1	1	1	1	1	281.403619068875	1
NANS	1	200.228061668207	1	1	1	376.443903602905	177.875412882281	1
NAP1L4	243.486035118404	223.742795055439	1	1	222.82632460992	121.92218824224	1	1
NAP1L5	1	1	1	1	1	1	1	293.879196222131
NCF1	1	1	1	1	1	255.19598363184	1	1
NCF2	1	1	1	1	1	1	178.338187964326	1
NCKAP1L	1	1	1	1	1	1	140.230005176055	1
NCOA3	1	1	1	1	1	223.789819079767	1	1
NCOA4	1	1	1	1	1	1	211.415747752292	230.87952934278
NCOA7	1	1	300.977135830037	1	1	1	1	1
NCOR1	266.797420094315	281.146082730798	1	236.706423498389	1	178.350013225452	1	1
NDFIP1	1	184.815782562331	1	1	1	258.549721526615	178.381922253503	1
NDFIP2	1	151.860819933798	1	1	1	1	1	230.927555986328
NDRG1	1	1	321.115577846077	1	1	1	1	1
NDUFA10	1	1	1	1	1	149.777076296123	1	1
NDUFA4L2	1	1	352.953194332112	1	1	1	1	1
NDUFA7	1	1	1	1	1	208.540400450694	1	1
NDUFA9	1	162.12950199971	1	1	1	1	1	1
NDUFB3	1	211.796965576264	363.808010298728	1	219.538955184728	219.259827763254	283.089854450466	1
NDUFS2	1	1	304.988634046756	1	1	1	1	1
NDUFV3	1	1	1	1	1	210.917859698063	1	1
NECAP1	1	1	1	1	1	1	1	214.337827492994
NECAP2	1	193.354318711613	1	1	1	1	1	67.6335945398719
NEMF	1	1	1	1	1	1	1	254.825655144569
NEU1	280.297442094207	1	1	239.553321925522	1	326.042604165583	163.087926135375	208.785780445069
NFATC2IP	1	1	1	1	1	1	1	154.301046205401
NFIA	1	1	290.110185553025	1	1	1	1	1
NFIB	1	1	405.249890297209	1	1	1	1	1
NFIC	1	1	204.945482507121	1	1	1	1	1
NFKB1	1	1	1	185.512267862952	1	1	256.933643076215	502.286117565518
NFKB2	1	189.262363273251	1	1	1	1	1	200.900783619616
NFKBIB	1	1	1	1	1	1	1	77.6265097809267
NFKBID	1	1	1	1	1	1	252.499618405405	502.286117565518
NGDN	1	196.636582909448	1	1	1	1	1	1
NGFRAP1	1	381.62232661393	533.772175998091	1	1	1	1	1
NGLY1	1	1	1	1	1	147.568085458913	1	1
NHLRC3	1	1	1	1	1	1	1	154.301046205401
NINJ1	1	230.560409268954	1	1	1	1	430.961327346326	491.126553794467
NKAP	1	1	1	1	1	209.901572775228	1	1
NKG7	2010.58692774689	295.308687823675	1	3944.4580204378	862.336142571207	671.020347299757	229.561943907337	1
NLRP3	1	1	1	1	1	1	165.384623618545	1
NME3	1	240.513452212103	200.31297980983	1	1	158.947952027244	1	134.238773443124
NMT1	1	1	275.34169534708	1	1	1	209.672416447673	1
NNMT	1	1	534.374186323407	1	1	1	1	1
NOP56	234.859940682104	1	1	261.593904540596	203.677516841773	195.592595823033	1	254.825655144569
NOSIP	1	179.69190701556	216.632792742916	249.90679501821	336.505665222253	1	1	1
NOTCH4	1	1	315.10246424284	1	1	1	1	1
NR1H2	1	204.435846097897	1	1	1	151.189389572321	1	1
NR4A3	1	1	1	1	1	1	390.67381766131	650.290128342287
NRDC	1	1	1	1	1	322.199706773468	1	1
NRP1	1	1	273.98687566399	1	1	1	1	1
NRP2	1	1	1	1	1	1	1	249.481653746558
NSMCE1	1	200.480740491002	1	1	1	1	1	709.223219537271
NSRP1	1	1	299.3589320592	1	1	1	1	1
NT5C3A	1	288.619607318594	1	1	1	130.603965707655	1	1
NUCB2	291.901241025854	1	330.837881745857	302.72020961143	1	954.286919584437	1	1
NUDCD2	1	156.17508325565	1	1	1	1	1	1
NUDT16L1	1	1	1	1	1	1	1	218.598061890345
NUDT21	1	185.243885760441	1	1	1	117.519807670223	1	1
NUDT22	1	1	1	1	1	213.210900922354	1	1
NUDT5	1	202.204624601347	255.700709018252	1	1	1	1	1
NUFIP2	1	1	1	1	1	1	191.560037748657	1
NUPR1	1	1	1379.3757727333	1	1	1	326.283678422291	1
NXF1	1	1	1	1	1	1	1	154.301046205401
NXT1	1	1	1	225.978064991044	1	120.753127340819	1	77.6265097809267
OASL	242.539012491241	1	1	253.691962593279	1	1	1	1
OAT	1	1	1	1	1	1	1	373.320293180895
OAZ2	1	1	369.150441974671	1	1	1	245.376679556519	1
OCIAD2	294.394836963708	341.980626269831	249.217832811629	218.522481936236	391.839164911969	238.571503655827	1	1
ODF2L	379.649757209211	381.773701537535	1	356.227062511531	525.723409496335	183.179674314238	1	1
OFD1	254.232835178705	211.482391875428	1	279.690582033921	293.757909068262	137.477884832417	1	1
OLA1	1	1	1	1	1	1	1	254.825655144569
OLR1	1	1	1	1	1	1	219.715669628568	1
OPTN	245.524158482264	348.060823772141	1	241.650169247846	282.117577526584	184.996980677021	1	1
ORM1	1	1	2511.89072672454	1	1	1	1	1
ORM2	1	1	1275.92735516126	1	1	1	1	1
ORMDL1	205.031745348063	256.636335904402	1	257.330597513321	254.60107718052	179.135535138516	1	1
ORMDL2	1	1	1	1	1	193.453384894371	1	1
OSM	1	1	1	1	1	1	165.715330500554	1
OSTF1	208.414803065752	215.227449932656	1	374.668014890688	292.257038879126	104.377543317245	343.951696355219	140.677087671552
OTUD6B.AS1	1	1	1	1	235.08613553373	223.875458736145	1	226.193207578868
OXNAD1	1	1	1	1	218.440749651181	1	1	1
P2RY10	1	294.02284742035	1	1	215.644391749568	1	1	1
P2RY14	1	1	1	1	1	1	1	384.180575548181
P4HB	1	1	642.149436873729	1	1	528.833588236855	193.163727439893	1
PABPC4	1	1	1	1	1	189.983698557384	261.10088329349	1
PABPN1	1	1	1	1	1	151.153942107299	1	1
PAFAH1B1	206.705397191372	184.33664125686	1	1	1	111.848683616067	1	1
PAFAH1B2	1	1	1	1	1	1	1	214.337827492994
PAG1	1	1	1	1	1	1	1	270.715050835349
PAGE2	1	1	429.749482632012	1	1	1	1	1
PAIP2B	1	1	1	1	1	122.688529514042	1	1
PAK1	1	1	1	1	1	1	161.146160521066	140.677087671552
PAK2	181.000157261422	259.134535363832	1	1	1	1	152.282956762182	1
PALMD	1	1	442.688589609923	1	1	1	1	1
PARL	1	1	1	1	1	1	1	214.337827492994
PARM1	1	1	1	1	1	163.834260134832	1	1
PARP1	1	194.70859267304	1	1	223.520709950291	217.549138294155	172.075073656922	134.238773443124
PARP8	300.890861026242	1	1	260.075982770426	341.609662475174	1	1	1
PARP9	1	1	1	1	1	1	1	81.0759507301319
PARVG	1	1	1	1	1	1	202.680001124286	320.51808795443
PBX1	1	1	1	1	1	1	1	154.301046205401
PBXIP1	301.746287515959	591.384386881183	1	1	331.719625423286	1	1	1
PCAT19	1	1	324.578937607646	1	1	1	1	1
PCIF1	1	1	1	1	1	1	1	219.388020441612
PCM1	260.408711006708	265.107190100085	1	248.746961058215	234.488700194131	1	143.420969148701	1
PCMTD1	1	1	1	1	1	317.564096932095	1	1
PCSK7	221.203276874641	286.268233552514	1	271.634035216507	320.889914401825	130.648707116971	1	1
PDAP1	1	280.629574766904	258.587101407207	1	1	164.54845276739	1	1
PDCD10	1	244.756760017621	1	1	1	1	1	1
PDCD5	1	193.078387726148	419.707963223867	1	224.422074661106	211.553180492332	195.546725442545	1
PDCL3	232.849358768525	263.866088496372	1	1	205.923215362505	1	1	1
PDE7A	256.282678480161	1	1	282.679376275882	1	1	1	1
PDIA4	1	1	215.302480191487	1	1	461.746908444225	1	1
PDK1	1	1	1	1	1	228.692645589724	1	1
PDLIM1	1	1	508.234016883358	1	1	1	1	1
PDLIM5	1	1	1	1	1	1	1	248.741984068799
PEA15	1	1	1	1	1	1	145.99393980463	154.301046205401
PECAM1	1	1	604.746641328032	1	1	209.977650267498	1	1
PELI1	1	1	1	1	1	239.143903001673	1	1
PEPD	1	1	1	1	1	1	1	293.19415382605
PFDN1	1	1	237.806669577911	1	1	1	159.211555480547	1
PFDN4	1	178.038558688803	1	1	1	1	168.068563315303	1
PFDN6	1	1	1	1	1	1	154.444810192731	1
PFKFB3	1	1	1	1	1	1	218.760383012554	1
PGRMC2	1	1	1	1	1	148.236181134685	1	1
PHACTR1	1	1	1	1	1	1	335.276586794937	1
PHACTR2	1	230.374996134004	1	1	1	1	1	1
PHF20	275.707143200821	227.806294905478	1	351.110792658662	269.881408599871	1	165.963352634755	214.337827492994
PHIP	203.874407035722	254.565302035365	1	1	1	1	1	154.301046205401
PHLDA1	230.923085943583	434.154744628168	1	1	1	1	1	1
PHTF2	1	259.88208504526	1	1	1	1	1	1
PHYH	1	1	353.413767661365	1	1	1	1	1
PICALM	1	1	1	1	1	1	116.034430615862	1
PIGP	1	1	1	1	1	156.673668043006	1	1
PIH1D1	1	1	1	1	1	166.369645147945	1	1
PIK3CB	1	1	1	1	1	1	1	77.6265097809267
PIK3IP1	371.955736382741	565.395887620694	1	331.398860970782	561.872808516903	1	1	1
PIK3R1	760.550242466158	409.254271564402	1	658.133797040115	478.555638400789	187.533495477192	1	1
PILRA	1	1	1	1	1	1	236.098597475129	1
PIM1	1	1	1	1	1	161.064904023981	1	1
PIM2	1	308.875099124776	1	1	219.06337836035	810.556946203573	1	1
PIN1	1	267.019666751682	209.13342098687	1	197.82939199904	251.740268133853	148.030698749241	1
PIN4	1	1	273.319092906827	1	1	1	1	1
PIP4K2A	317.268976811092	203.948506279145	1	454.260749347529	343.158663897333	1	153.129322143976	1
PKIG	1	1	237.689143966519	1	1	1	1	1
PLA2G16	1	1	237.544457071824	202.324260443219	1	1	1	321.369692353306
PLAC8	1	1	1	736.255025001545	299.511132439522	1	309.111131039277	1
PLAU	1	1	1	1	1	1	1	442.242065234168
PLAUR	1	1	1	1	1	1	950.067421451593	1011.76613702107
PLD3	1	1	1	1	1	364.953965347346	393.607996051042	1
PLEK	1	1	1	303.054077208335	1	1	580.894778497776	1
PLEKHA2	209.627735891176	1	1	1	1	1	1	67.6335945398719
PLEKHB2	1	191.698250939595	1	1	1	1	153.107190314633	1
PLGRKT	1	1	1	1	1	1	1	154.301046205401
PLK2	1	1	323.233246795723	1	1	1	1	1
PLP2	310.744277058797	461.945169076118	1	199.651880471072	455.056988178704	333.753381356668	232.656710529679	1
PLPP1	1	1	745.386205585346	1	1	1	1	1
PLPP3	1	1	430.396659369622	1	1	1	1	1
PLPP5	1	1	1	1	1	626.052795097856	1	419.258882263351
PLSCR1	1	1	272.384555945384	1	1	1	384.775303855635	1
PLTP	1	1	1	1	1	1	201.97450378816	1
PLVAP	1	1	791.952017191147	1	1	1	1	1
PLXNC1	1	1	1	1	1	1	1	77.6265097809267
PMF1	1	228.943684101628	1	1	1	152.771729749009	1	321.369692353306
PMP22	1	1	1	1	1	1	1	230.87952934278
PNKD	1	1	253.189516522526	1	1	198.642960397365	1	1
PNKP	1	1	1	1	1	163.331193968269	1	1
PNOC	1	1	1	1	1	186.05944548129	1	1
PNPLA8	1	1	1	1	1	1	195.530434374527	154.301046205401
PNPT1	1	1	1	1	1	1	1	230.927555986328
PNRC1	467.69631467421	156.770839116729	1	1	229.048977828091	160.383917396022	422.035115003747	1
POLB	1	1	1	1	1	1	1	495.885392044277
POLE4	1	1	1	1	1	1	241.60767953981	514.152703280386
POLR2G	1	272.078240179496	294.438374575252	278.410879340352	1	1	204.554612661457	154.301046205401
POLR3GL	214.954759571736	221.921741595751	1	1	300.46366515811	1	1	298.145984979558
PON1	1	1	267.359515519389	1	1	1	1	1
PON2	1	1	215.136985475365	1	1	1	1	1
POP4	1	1	1	1	1	1	1	154.301046205401
POU2AF1	1	1	1	1	1	420.079684056226	1	1
PPA2	1	1	1	1	1	1	1	419.258882263351
PPCS	1	1	1	1	1	134.945563268116	1	234.456284789099
PPHLN1	223.484786268727	188.33473323801	1	1	218.784785360673	1	180.16336185637	134.238773443124
PPIC	1	1	200.402691799538	1	1	1	1	1
PPIF	1	1	1	1	1	1	120.866638231149	1
PPIL3	1	1	1	1	1	1	1	214.337827492994
PPIL4	1	206.338286812344	1	1	1	1	1	1
PPM1K	1	155.889536993559	1	1	1	213.754420504734	1	218.598061890345
PPP1CC	1	208.911802936408	1	1	1	305.945213632583	139.028496942398	1
PPP1R10	1	1	1	1	1	246.017370771167	1	134.238773443124
PPP1R11	1	187.520566808905	1	1	1	110.746272952128	1	188.598117233454
PPP1R12A	229.655764509823	214.93854892434	208.948049688508	239.888222919825	1	147.324541231043	1	419.258882263351
PPP1R16A	1	1	333.700263864771	1	1	1	1	1
PPP1R18	202.49433680243	223.071203728017	1	227.810831253923	264.72420559159	1	210.455636308994	1
PPP1R7	1	197.761380566855	1	1	1	140.116693820259	1	1
PPP2CA	285.679575772801	190.691350640759	1	1	1	249.199142745131	122.433226339668	270.888421555655
PPP2R1A	1	1	203.182456952158	1	1	1	1	1
PPP2R3C	1	1	1	1	1	154.586094869896	1	1
PPP2R5C	891.528662886371	393.057139597475	1	911.841660394946	973.356346907699	411.937504761128	273.448882807448	1
PPT1	1	1	1	1	1	1	383.352682681017	355.583619775774
PRAP1	1	1	447.632543968878	1	1	1	1	1
PRCP	1	1	1	1	1	309.726422282898	204.638994202895	1
PRDM2	1	201.518783109891	1	1	1	150.845453032729	1	1
PRDM6	1	1	1	1	1	138.202635973628	1	1
PRDX4	1	1	343.197402263415	1	1	1624.63762931399	1	1
PRELID1	1	1	1	1	1	274.979057654067	1	1
PRF1	340.673343047678	198.307766917494	1	1162.48696334158	1	1	1	1
PRKACB	1	1	1	1	1	1	1	154.301046205401
PRKCH	291.781922765028	167.934615721985	1	267.722710351434	203.499673434366	1	1	1
PRKX	1	1	1	1	1	1	1	907.898903344487
PRMT2	265.961585984549	275.98959835781	1	602.265185350181	376.274099347684	219.917195701143	271.610167126823	1
PRMT9	1	1	1	244.169106239716	362.601378386755	1	371.947556951633	1
PRNP	1	229.992997374782	1	1	223.755855989747	1	228.968297030479	285.516719393392
PROCR	1	1	1	1	1	1	1	224.661761831319
PRPF38A	1	1	1	1	1	1	1	320.51808795443
PRPF40A	1	1	1	236.809785358854	202.769468187781	125.177139302985	180.565385339885	397.192624378905
PSMB5	1	168.96477030422	334.517007331686	1	1	294.841494473011	1	1
PSMB8.AS1	1	215.815863486307	1	1	1	204.188758973784	1	1
PSMC1	1	1	251.77995880363	1	1	1	160.666744068367	473.143415577877
PSMC2	1	191.518192097266	1	1	1	1	1	547.019808970619
PSMC4	1	168.258853864927	1	1	1	216.788476062017	1	1
PSMD11	1	214.224470398294	1	1	1	156.859642184746	1	1
PSMD13	202.46381138265	243.688887431387	1	223.494381575271	1	187.196706775854	1	1
PSMD2	1	213.887485196383	1	1	1	1	1	1
PSMD5.AS1	1	1	1	1	215.410637634493	1	1	1
PSMF1	1	175.584619065478	1	1	1	89.9319587941189	1	70.2174343908115
PSTK	1	1	1	1	1	1	1	214.337827492994
PSTPIP1	1	182.707661632175	1	1	1	1	1	1
PTAFR	1	1	1	1	1	1	1	514.152703280386
PTGDS	1	1	1	472.290733546874	1	1	1	1
PTGER4	210.622852736279	1	1	1	198.332262097746	1	1	1
PTGR1	1	1	469.865843928844	1	1	1	1	1
PTMS	1	1	329.402975422456	1	1	1	1	1
PTPN1	1	250.446559828541	1	1	1	279.710931499898	231.146791327206	1
PTPN22	422.735242915853	231.627237113328	1	356.186475441057	276.69244195176	1	1	70.2174343908115
PTPN6	1	1	1	1	1	1	196.667701102665	466.340045959144
PTPN7	426.620259035033	405.329819269565	1	489.689471222667	396.732230657735	175.001384958099	1	502.286117565518
PTPRE	1	1	1	297.227806234899	1	1	481.288098374932	1
PTRF	1	1	302.948320885348	1	1	1	1	1
PTRHD1	1	1	1	1	1	1	216.673278430193	1
PTTG1	268.766024728827	397.926733780404	1	1	1	1	1	1
PTTG1IP	1	1	360.623146490353	1	1	1	182.014905062912	385.531626952215
PUF60	1	183.119206480177	1	1	1	1	1	299.891206263991
PYHIN1	354.304852140585	266.768069389312	1	412.253742410384	241.308061878828	170.633384056221	1	1
QKI	1	1	1	1	1	1	213.580171533367	1
QPCT	1	1	1	1	1	256.982026866178	1	1
QPRT	1	1	1	1	1	166.999955311802	1	1
RAB10	1	197.744229014529	1	1	1	168.332981951213	252.583235737557	1
RAB11FIP1	1	311.394745770494	1	286.507096540609	1	146.913793807934	223.569604629132	1
RAB13	1	1	465.32653616609	1	1	1	1	1
RAB14	1	192.43366244671	1	1	1	1	1	1
RAB18	1	151.641157436185	1	1	193.976159724692	190.089363545407	1	1
RAB20	1	1	1	1	1	1	191.947522112247	1
RAB21	1	1	1	1	1	1	172.804809626337	1
RAB27A	305.676939217676	1	1	224.984344631364	224.812040712208	1	1	1
RAB30	1	1	1	1	1	399.318881322503	1	1
RAB31	1	1	1	1	1	1	232.777631610145	1
RAB5A	1	202.110964421386	1	1	1	1	148.135603394249	489.276441997267
RAB5C	1	279.850999954352	394.658215046036	1	238.772775362716	124.231894445075	339.962867479891	1
RAB6A	1	1	1	1	1	171.046848096682	1	1
RAB8B	1	205.889476805947	1	269.608320215788	1	1	148.038090041571	218.88312485352
RAB9A	1	277.514770799045	1	1	1	199.956666763037	1	223.734795829462
RABGGTB	1	1	1	1	1	223.556718628526	1	320.51808795443
RAC1	1	1	315.36724549426	1	1	1	277.482143561011	1
RAD21	210.864972570359	199.145712255053	1	1	202.590723653552	1	1	154.301046205401
RAD9A	1	1	1	1	1	163.654473408576	1	1
RAE1	1	1	1	1	1	1	1	214.337827492994
RALA	1	1	1	1	1	1	185.712393595848	429.160023953624
RALGAPA1	254.152667392371	1	1	314.92694836051	1	1	1	1
RALGPS2	1	1	1	1	1	211.485499818534	1	1
RALY	1	1	1	1	1	343.0508554277	1	1
RAMP2	1	1	659.820564052189	1	1	1	1	1
RAMP3	1	1	432.278247473223	1	1	1	1	1
RANBP1	237.672079386046	226.51039016717	1	1	1	222.185636031926	1	1
RANBP2	245.918242193331	1	1	1	1	129.385347406637	185.34712410426	1
RAP1B	376.959801582504	355.835095409965	1	502.724523949885	358.774348972976	323.293491445391	263.977888794413	1
RAP2B	1	1	1	1	1	1	170.663242299436	1
RAPGEF1	1	1	1	1	1	217.400124558311	1	1
RARA	1	1	1	1	1	1	1	234.456284789099
RARRES2	1	1	1675.49493694019	1	1	1	1	1
RASAL3	1	1	1	1	1	1	1	154.301046205401
RASGEF1B	1	1	1	252.169429617147	1	1	402.949951292789	154.301046205401
RASGRP1	255.792909663112	307.263592036266	1	1	1	1	1	1
RASSF4	1	1	1	1	1	1	196.426627151345	1
RB1	1	1	1	1	1	1	156.927515539475	1
RBBP4	1	1	1	1	1	153.536848302078	180.14584291985	1
RBCK1	1	261.444289367426	233.161428591223	1	199.394195647185	257.105470100832	142.17997067215	1
RBL2	1	1	1	1	202.211498106695	1	1	1
RBM17	1	1	1	1	1	196.422298520517	1	1
RBM23	1	177.569241389626	1	1	1	1	158.008787691545	1
RBM33	1	1	1	1	1	178.595738463584	1	1
RBM47	1	1	1	1	1	1	171.471100442059	1
RBM5	220.075005813573	174.266519305656	1	1	1	1	1	1
RBM6	1	1	1	1	1	331.8896656895	1	1
RBMS1	1	1	1	1	252.324309062747	1	1	1
RBP4	1	1	2368.91733365645	1	1	1	1	1
RBP7	1	1	608.144017912047	1	1	1	1	1
RBPJ	309.34906604253	461.631624544234	1	1	387.311912807143	153.319686067029	268.499412423735	1
RDX	1	1	415.835416221494	1	1	1	1	429.160023953624
RENBP	1	1	1	1	1	1	1	355.525445503513
RFC1	1	1	1	1	1	211.358713961249	1	1
RFC2	1	1	1	1	1	1	1	214.337827492994
RGCC	660.283364352947	237.8315059374	1	1	319.020582475392	263.699879982933	234.670935156928	1
RGS10	295.838327818229	435.230898206222	1	1	374.66525266072	1	666.470361226854	397.192624378905
RGS13	1	1	1	1	1	1	1	784.151977864638
RGS3	1	1	1	1	1	1	1	219.533646570117
RHBDD2	255.779333641867	459.946341218876	1	1	218.12905693093	1	1	397.192624378905
RHOB	1	1	659.051947926434	1	1	217.753251672663	354.566856119859	1
RHOF	283.471965924095	201.953220924981	1	277.28491670535	280.395258445712	1	1	1
RHOH	801.39299246705	733.152544793131	1	390.927325504803	552.196463156782	323.231345706564	1	701.095200987432
RILPL2	249.451482323993	152.085538433053	1	1	220.52263530017	1	474.092141668309	154.301046205401
RIPK2	1	1	1	1	191.270561458262	1	181.461644688787	1
RNASE1	1	1	666.223950810628	1	1	1	612.569562701458	1
RNASE6	1	1	1	1	1	208.697707482971	466.006402352597	1
RNASEH2B	1	1	1	1	1	143.142330772931	1	1
RNASEH2C	1	1	283.33866999697	259.62325122441	1	324.370861325624	199.42909070453	1
RNASET2	217.829695292422	214.117634867083	1	1	226.082855458599	468.440400697864	626.215405639203	1
RNF113A	1	1	1	1	1	152.814831842955	1	1
RNF114	279.269925302923	202.209585982841	1	1	1	196.790883752217	211.063549942805	234.456284789099
RNF125	282.585019562782	1	1	321.682434912353	242.766111565641	1	1	1
RNF13	1	1	1	1	1	1	291.908223559222	1
RNF130	1	1	1	1	1	1	207.600022670264	572.559928468752
RNF144B	1	1	1	1	1	1	305.358585119872	1
RNF149	1	1	1	1	1	211.126744083402	227.136150173793	1
RNF167	1	214.227954667494	1	1	191.491635190653	1	1	1
RNF168	1	1	1	245.654111592096	1	1	1	1
RNF19A	648.073319646857	406.400891760482	1	332.464818313613	388.314208643398	205.289191953608	1	1
RNF5	1	1	242.691840337003	1	1	123.463945926246	1	1
RNH1	1	207.076931188041	260.291722124502	1	211.046376892447	183.740921603961	414.661267097776	1
RNPC3	1	1	1	1	1	1	1	214.337827492994
RNPS1	255.862162171078	213.437438231038	1	261.397538289624	219.537124483033	177.528747868809	139.109247957723	1
RORA	512.021081495746	649.020921138817	1	682.162327070924	726.726114582081	288.758745320857	1	1
RP1.313I6.12	1	1	1	1	208.797310896324	165.100063845955	1	1
RP11.1143G9.4	1	1	1	1	1	1	719.228062524492	1
RP11.138A9.1	445.922407445614	434.270364935876	1	467.502815198704	589.590604184035	695.260696633383	266.808399832532	1
RP11.138A9.2	728.056599383797	458.441548787232	1	684.31891075339	877.593341751961	847.045888930881	287.096850190042	1
RP11.16E12.2	1	1	1	1	1	198.836249912699	1	1
RP11.347P5.1	547.859812450227	481.192536696442	1	492.806580363798	655.755434975231	193.860067969943	216.65499287372	1
RP11.354E11.2	1	1	1	1	1	1	1	894.559574168498
RP11.386I14.4	1	1	1	1	1	167.110723447705	1	1
RP11.51J9.5	336.035343335143	140.019286201475	1	1	400.130913602598	1	1	1
RP11.620J15.3	1	1	1	1	1	1	1	291.225770174852
RP11.81H14.2	1	1	1	1	1	276.095475600424	1	1
RP5.1171I10.5	302.789579533038	275.415618846475	1	571.736168506821	336.160259959486	168.829719346752	391.977694020599	1
RPA2	1	1	1	225.075309841242	1	1	1	1
RPAIN	1	1	1	1	1	1	1	214.337827492994
RPIA	1	1	1	1	1	1	1	77.6265097809267
RPL7L1	249.409361504549	258.896897340031	1	214.359831587899	230.808981161097	1	1	1
RPN1	1	1	1	1	1	332.035029333153	152.709746500855	1
RPS6KB2	1	1	1	1	1	175.310307026628	1	1
RRBP1	1	1	463.981533333954	1	1	778.048898064813	1	157.829223016473
RSBN1	226.865581909275	232.508960834407	1	1	241.181191075642	1	1	1
RSBN1L	1	186.804729355131	1	1	1	340.849427881098	1	1
RSF1	1	203.967575247869	1	1	1	269.771752721436	1	502.286117565518
RTKN2	1	317.712655076817	1	1	1	1	1	1
RUNX3	456.645547642376	246.493473855474	1	457.598260803585	350.986380259441	126.642111253323	168.581803405881	1
S100A13	1	1	551.040611691367	1	1	1	1	1
S100A16	1	1	636.324535878388	1	1	1	1	1
S100A8	1	1	1	1	1	1	513.735650221338	1
S100A9	1	1	1	1	1	1	790.67098152694	1
S1PR4	1	150.900834373476	1	269.306894994044	218.759549206087	1	1	1
SAFB2	246.845740177193	226.070675243458	1	1	1	1	1	1
SAMD3	1	1	1	235.881681947729	1	1	1	1
SAMD9	1	215.236507656227	1	1	1	1	1	1
SAMHD1	1	155.540923724064	1	1	1	1	321.695563803928	1
SAP30BP	1	1	1	1	1	138.495626713735	1	1
SAR1B	1	182.378752478767	1	1	1	542.759922592946	1	161.202090084977
SC5D	240.824917582598	300.329631980587	1	1	335.145248006014	1	1	1
SCAND1	1	245.918803936311	1	285.204174010641	210.622736442405	194.253696326288	164.779581738871	1
SCFD1	1	1	1	1	1	209.107923981593	1	1
SCNM1	1	1	1	1	1	1	149.073938016397	73.8445488567055
SDC1	1	1	1	1	1	227.630170887003	1	1
SDF2	1	231.43182337345	1	1	1	1	1	1
SDF2L1	1	1	1	1	1	846.082172795884	1	1
SDHA	1	173.541409984605	1	1	1	183.764469532363	1	1
SDHAF2	1	199.653436300184	1	1	1	1	1	1
SDPR	1	1	396.26713187305	1	1	1	1	675.667603489109
SDS	1	1	1	1	1	1	270.115818249852	1
SEC13	1	1	1	1	1	231.861642478291	1	1
SEC14L1	1	1	451.402898208737	1	1	419.038135055146	1	1
SEC22B	1	1	1	1	1	238.439339526099	1	201.497616444538
SEC22C	1	1	1	1	1	1	1	151.784405639544
SEC24D	1	1	1	1	1	138.724206426865	1	1
SEC31A	1	1	1	1	1	140.743944556511	1	219.388020441612
SEC61A1	1	1	1	1	1	324.278670588563	1	1
SEC63	1	1	1	1	1	223.575856203064	1	593.259862003995
SEL1L	1	1	1	1	1	479.066093356712	1	1
SEL1L3	1	1	1	1	1	295.479380686253	1	1
SELL	1	224.887161535648	1	1	1	1	1	1
SELM	1	196.201200343344	481.143569752779	1	1	686.498663464331	1	1
SEPP1	1	1	1729.648206302	1	1	1	756.994735051243	1
SEPT1	251.8837559333	317.312142992711	1	235.002932782543	282.036240642984	132.237873782487	1	1
SEPT6	282.237151999859	342.149649764833	1	295.342650709271	384.899169247735	216.267664060895	201.774621801076	1
SEPT9	268.621016923883	228.35717389045	1	1	286.533825368795	135.913237801467	1	1
SERINC1	1	192.131128328596	1	1	1	179.870201056849	155.858720760714	1
SERPINA1	1	1	2359.60104909779	1	1	1	604.835832456577	1
SERPINA6	1	1	332.804905281697	1	1	1	1	1
SERPINB1	1	1	224.508213986212	271.658899816153	1	1	340.274218215033	864.177739970057
SERPINC1	1	1	586.288998668682	1	1	1	1	1
SERPINF1	1	1	477.250964339544	1	1	1	1	1
SERPING1	1	1	640.08736246896	1	1	1	191.095522554392	1
SERPINH1	1	1	341.664240715952	1	1	1	1	1
SFPQ	280.591323478494	1	293.298348807452	262.352175412709	209.471829061085	138.955328877882	257.427539951514	1
SFXN4	1	1	1	1	1	1	1	154.301046205401
SGK1	1	1	249.460185429837	1	1	193.625689472276	624.75049510551	1025.73685046693
SGSM3	1	1	1	1	1	1	1	241.278040815109
SH2B3	1	1	1	1	1	1	160.71703681203	1
SH2D1A	523.627817790183	282.943950376281	1	297.110201336796	335.095265185651	112.66988241763	1	1
SH2D2A	289.97022622269	268.280298650671	1	523.884585476871	253.297789429179	1	1	1
SH3GLB1	1	245.294080655429	1	1	1	261.043004689569	142.845192646022	1
SH3KBP1	301.277267219156	400.711523688352	1	1	261.244349872793	1	1	275.48484198728
SHISA5	1	1	227.88822609388	1	1	1	1	1
SHKBP1	1	1	1	1	1	1	131.745381169788	1
SHMT2	1	1	1	1	1	160.725649245117	1	1
SIGIRR	1	1	1	224.593996391315	1	1	1	219.533646570117
SIL1	1	1	1	1	1	514.948953849079	1	1
SIRPG	1	235.387490906641	1	1	1	1	1	1
SIT1	1	209.014773958731	1	1	185.836784895715	1	1	1
SKAP1	205.433190022703	318.867715786728	1	230.072064431845	248.788721218144	1	1	1
SKAP2	1	1	1	1	1	1	285.659542358533	1
SKIL	1	1	1	398.758382759255	278.624108397786	183.264169213692	272.929788758047	503.287347198659
SLA	689.572121787667	402.740982174236	1	423.535043657941	430.723061222442	130.807905314508	186.067780416995	1
SLAMF1	1	194.958670489706	1	1	1	1	1	1
SLAMF7	1	1	1	1	1	362.050771192739	1	1
SLC16A3	1	1	1	1	1	1	183.452734465465	200.900783619616
SLC18A2	1	1	1	1	1	1	1	899.314418566065
SLC20A1	1	1	1	1	1	1	169.151253987512	1
SLC25A26	1	178.619275190995	1	1	1	1	1	1
SLC25A39	1	1	1	1	1	156.379386984135	1	1
SLC25A4	1	1	1	1	1	168.931409960594	1	1
SLC25A45	1	1	1	1	1	140.529293138676	1	1
SLC26A2	1	1	1	1	1	1	1	231.908157783616
SLC31A2	1	1	1	1	1	1	146.824984468231	1
SLC35B1	1	1	1	1	1	288.513586634795	1	1
SLC38A1	409.229252506009	290.128559866256	1	413.183747258981	371.465556021692	185.437376963565	1	1
SLC38A10	1	1	1	1	1	178.313178799932	1	1
SLC38A5	1	1	1	1	1	173.100287928738	1	1
SLC40A1	1	1	1	1	1	1	342.371694965268	1
SLC5A3	1	1	1	1	1	160.87762772204	1	1
SLC7A7	1	1	1	1	1	1	160.378067080844	1
SLC9A3R2	1	1	651.99066113168	1	1	1	1	1
SLC9A9	1	1	1	1	1	1	1	248.741984068799
SLCO2B1	1	1	1	1	1	1	1	81.0759507301319
SLFN5	1	201.059777159289	1	1	205.634588108775	1	1	1
SLPI	1	1	484.732745754243	1	1	1	1	1
SLTM	281.402732494749	287.690257168506	1	299.019057482865	289.215286625832	182.506455904096	166.206583260413	1
SMAP1	1	217.917309371591	1	1	1	1	1	1
SMAP2	483.224375944255	350.639975521629	1	282.979807680839	397.227919673211	307.607389791751	341.590258221498	1
SMARCA5	1	1	1	1	1	1	1	475.841131425469
SMARCE1	1	240.84388522795	1	1	1	154.146835727536	1	1
SMC4	1	164.136108850016	1	1	1	1	1	1
SMCHD1	327.280446324672	247.596952374222	1	1	260.064251434802	260.283926938999	1	1
SMCO4	1	1	1	1	1	1	188.186893923767	1
SMS	1	297.09138835882	1	1	1	1	341.601791271177	1
SMYD3	1	1	1	1	1	1	1	683.112859753528
SNHG15	201.051601547839	196.617550905811	1	1	1	146.693781949426	182.687160332156	1
SNHG9	1	1	1	1	1	191.472337918465	1	1
SNRNP27	1	1	1	1	1	1	1	419.258882263351
SNRNP40	1	1	1	1	1	1	1	320.51808795443
SNRPN	336.84828782756	328.058122901561	1	267.223605014673	363.183647114574	346.329547148694	1	223.734795829462
SNW1	203.219022632031	181.827103777219	1	1	1	1	1	67.832538814846
SNX10	1	1	1	1	1	1	234.417231337218	1
SNX17	1	174.786525370114	1	1	1	139.30107624669	1	1
SNX2	1	1	1	1	1	1	198.870848019802	143.061983247517
SNX5	1	184.355601325199	1	1	1	1	166.073956596164	218.88312485352
SNX6	216.858826165835	209.718264140172	1	1	220.376929092698	1	291.019494376658	75.4111891500964
SOAT1	1	1	1	1	1	1	1	214.337827492994
SOCS3	1	1	476.969473954893	1	1	1	188.913095189782	1
SOD2	1	1	529.356101528726	1	228.810076888824	116.331619435171	1111.12878608672	157.829223016473
SORBS2	1	1	310.908026267569	1	1	1	1	1
SOX4	1	1	318.720720049147	1	1	1	1	427.611272920719
SPAG4	1	1	1	1	1	480.069013626491	1	1
SPARC	1	1	1005.04538695888	1	1	1	1	1
SPARCL1	1	1	1435.47522297269	1	1	1	1	1
SPATA13	1	1	1	1	1	1	1	248.741984068799
SPATS2	1	1	1	1	1	303.960793097455	1	1
SPG21	1	1	1	1	1	1	189.519995324584	1
SPINK1	1	1	899.42839031804	1	1	1	1	1
SPINT2	1	1	1	1	1	301.723032851994	148.025719112178	442.242065234168
SPN	1	174.072083571789	1	260.167772394307	1	1	1	1
SPOCK2	406.631743807016	788.290058407789	1	349.699229149746	543.184035489652	1	1	1
SPON2	1	1	1	493.044209522677	1	1	1	1
SPP1	1	1	1	1	1	1	750.875780434518	1
SPRY1	1	1	1035.02564311977	1	1	1	1	1
SPSB3	1	233.377151437406	1	1	181.741797297384	160.674121115981	1	154.301046205401
SPTBN1	1	1	399.498199790996	1	1	1	1	1
SPTSSA	1	1	376.974785131852	1	1	96.967117688284	1	1
SPTY2D1	1	1	1	1	1	215.067427384297	1	1
SQRDL	1	141.863357375679	1	1	1	1	148.670792605297	1
SREK1IP1	1	1	250.049755259602	1	1	1	1	1
SRP19	227.932693879101	283.791597493	1	220.545849928274	1	234.180698250668	1	610.530451871899
SRP54	1	1	1	1	1	288.979556524326	1	1
SRP72	1	1	1	1	1	321.798964518709	208.102068663163	1
SRPRA	1	1	1	1	1	169.034122991391	1	1
SRPRB	1	1	1	1	1	432.087588169541	1	1
SRRT	266.471441844576	1	1	1	1	1	1	1
SRSF6	227.120006343161	187.117842644805	1	1	1	1	201.956647493557	1
SS18L2	307.81556420351	321.154441514629	1	272.481168442534	296.000017481683	178.937406980766	1	1
SSNA1	1	154.879190419757	1	1	1	189.405270166036	1	1
SSR1	1	1	257.159416371326	1	225.833288176889	441.74027392536	263.3773027798	235.470092065113
SSSCA1	1	1	1	1	1	290.105585807106	1	1
ST6GAL1	1	1	1	1	1	251.462752168883	1	1
ST6GALNAC4	1	1	1	1	1	214.463602499072	1	1
STAT4	365.531676935196	253.758994810546	1	540.337599579882	398.50814198589	122.038763509643	1	1
STAU1	205.397946798974	1	226.920941157096	1	1	203.199287663453	1	1
STC1	1	1	924.103822679526	1	1	1	1	1
STIP1	1	206.720498009583	1	211.17755004867	1	1	1	1
STK17A	275.137244823453	1	1	1	1	1	1	1
STMN1	1	1	460.593044641094	259.803928555377	1	1	292.910568156346	784.151977864638
STOM	232.310829193206	1	628.665620938574	236.952612499684	1	1	133.915275193013	1
STRA13	1	1	341.714709319802	1	1	182.736580340282	1	1
STRAP	282.847164868131	266.804348257602	1	340.010136031161	276.000651262586	175.258165486152	196.36746884219	1
STX11	228.788661480775	1	1	1	1	228.776558122161	232.453888588053	1
STX4	1	1	1	1	1	1	175.144270095994	214.337827492994
STX5	1	161.810237384553	1	1	1	164.835551199735	1	329.236844294666
STX7	1	1	1	1	1	1	183.869384957583	1
STX8	1	1	1	1	1	1	1	143.061983247517
STXBP2	1	1	1	1	1	1	215.859912679149	320.51808795443
SUCO	1	1	1	1	1	1	1	316.314192561404
SUGT1	1	1	1	1	1	164.289763692447	1	1
SUMF2	1	1	1	1	1	199.890497341847	1	1
SUMO3	1	256.408265756615	1	1	1	237.022440351273	246.970429572954	1
SUPT5H	1	1	1	1	1	209.848662107506	1	1
SURF1	1	1	1	1	1	147.531408964767	1	1
SURF4	194.846934665287	1	1	1	1	255.588580167521	1	1
SWAP70	1	1	1	1	1	1	1	270.888421555655
SYNCRIP	1	1	1	1	1	1	164.465214116576	154.301046205401
SYNGR1	1	1	1	1	1	184.016103324478	1	1
SYPL1	1	1	336.259074412612	1	1	1	1	599.427173327959
SYTL3	765.831038217974	409.408457084885	1	1023.36689572781	585.700660620535	179.594035906801	1	365.481526188908
TACC1	1	1	564.505412900401	1	1	1	205.680232718484	1
TAF11	1	1	1	1	1	1	1	286.26351868849
TAF15	1	1	1	1	1	1	1	367.638873698396
TAF9	1	213.172051957044	1	1	1	215.57677227092	1	1
TAGAP	305.80573161844	182.647161328128	1	221.15757681753	337.719595224335	382.569786547524	1	1
TAGLN	1	1	420.77065300708	1	1	1	1	1
TAOK3	215.385484624904	196.001369253436	1	267.762506667419	229.375158897762	1	258.009488398733	1
TAPBPL	1	1	1	1	1	359.280059131834	1	1
TBC1D10C	1	284.944568412456	1	208.941942306394	264.241184966302	1	1	1
TBC1D4	1	502.228655184779	1	1	1	1	1	1
TBCC	300.022979283801	244.420970120758	1	260.351537477909	264.314124269366	264.483566335551	1	1
TBPL1	1	220.398010348393	1	1	1	1	1	1
TC2N	1	1	1	1	229.53362716798	1	1	1
TCEAL1	1	1	1	1	1	1	1	218.598061890345
TCEAL8	1	1	1	1	1	1	1	419.258882263351
TCF4	1	1	805.358271372161	1	1	184.266703690209	230.698816908198	1
TCF7	1	1	1	1	178.881210322686	1	1	1
TCTEX1D1	1	1	1	1	1	1	1	279.057480974654
TDG	1	209.134441208783	1	1	1	1	1	219.388020441612
TDO2	1	1	303.326092750872	1	1	1	1	1
TERF2IP	466.082179802667	280.417707550909	1	1	1	196.630410825799	1	1
TES	1	1	1	240.559212904835	1	1	160.519257148414	79.1566973550377
TF	1	1	1188.69598633125	1	1	1	1	1
TFF3	1	1	547.827392828687	1	1	1	1	1
TFG	1	1	1	1	1	185.830780177808	1	1
TFPI	1	1	376.167959945334	1	1	1	1	1
TGFBI	1	1	1	1	1	1	249.171355120577	1
TGFBR2	1	1	474.705348702689	1	1	1	1	1
TGIF1	273.798567775676	179.491814413801	1	1	230.403831634607	1	233.274041834757	1
TGM2	1	1	306.627303154865	1	1	1	1	1
TGOLN2	205.215253736371	203.304409246394	1	1	1	139.93481010985	224.260765987994	1
TGS1	1	1	1	1	1	1	1	214.337827492994
THEMIS2	1	1	1	1	1	202.45121926221	303.777638759156	1
THOC2	1	1	1	1	1	136.861806015627	1	154.301046205401
THOC7	1	1	1	1	1	1	1	355.726859570535
THUMPD1	1	1	1	1	1	1	1	154.301046205401
THUMPD3.AS1	222.283157106648	268.742380822991	1	441.962536726767	319.517302155742	130.728731787652	281.080758002539	514.152703280386
TIA1	1	1	1	1	1	1	1	248.741984068799
TIGIT	416.207027228785	815.669232321329	1	259.088771865408	1	131.682796204236	1	1
TIMM17B	1	1	1	1	1	211.828100681814	1	1
TIMM9	1	1	1	1	1	202.11856884804	1	1
TIMP2	1	1	1	1	1	1	159.154890505516	1
TIMP3	1	1	708.860781130927	1	1	1	1	1
TIPARP	239.681158967817	1	1	246.469202062348	227.197676223939	181.344521038794	1	230.87952934278
TIPRL	1	1	1	1	1	1	1	208.785780445069
TKT	1	1	1	1	1	1	323.605658386636	1
TLE4	1	1	1	1	272.949360138244	1	1	1
TLK1	1	239.351937607631	1	1	1	1	1	1
TLN1	1	217.998093579541	1	274.910969616072	1	1	201.204781704937	1
TM2D3	260.283208770044	212.191807484878	1	199.081897398767	252.838130987614	138.312937867527	1	1
TM4SF1	1	1	1429.44873604827	1	1	1	1	1
TM4SF4	1	1	547.374471141854	1	1	1	1	1
TM4SF5	1	1	389.511119375204	1	1	1	1	1
TM9SF2	1	1	1	1	1	203.799046200723	1	230.87952934278
TMED4	1	179.472693534307	1	1	1	488.415546935804	1	1
TMEM123	1	217.596955128823	279.285107614116	1	278.712212938692	144.515121394765	258.983135092398	1
TMEM134	1	177.339144665217	1	1	1	186.25312626799	1	1
TMEM141	1	1	344.48874639714	1	1	1	1	154.301046205401
TMEM14A	1	1	304.753836784726	1	1	1	1	1
TMEM156	1	1	1	1	1	349.340357053889	1	1
TMEM167A	1	255.134481507054	1	1	248.405874606698	353.206020602844	319.599307116017	1
TMEM173	1	268.243579393837	1	1	258.113556608972	1	1	1
TMEM176A	1	1	587.383099233236	1	1	1	221.49660845131	137.943894894581
TMEM176B	1	1	783.853997591314	1	1	1	401.258690349434	1
TMEM2	372.233013485599	197.661386367432	1	378.225656509855	263.026597699994	1	1	1
TMEM205	1	1	466.009091561749	1	1	371.207900984784	1	1
TMEM243	210.34501458837	152.785190713458	1	1	307.046584404968	273.281323378443	1	1
TMEM261	1	166.359267656141	1	1	1	1	1	583.414630095409
TMEM263	1	1	1	1	1	137.716364621885	1	1
TMEM50B	1	1	1	1	1	151.309250014477	1	1
TMEM70	1	1	1	1	1	142.205896196041	1	1
TMEM9	1	1	1	1	1	1	1	234.306317317281
TMF1	214.335788306165	190.411089967965	1	1	1	143.039828930031	1	154.301046205401
TMOD3	1	1	1	1	1	1	1	230.87952934278
TMX1	1	211.837305501535	1	1	1	114.600572495555	168.15938921116	1
TNFAIP2	1	1	1	1	1	1	256.822093505205	1
TNFAIP8	232.685741058162	258.943309431235	1	1	409.663109030743	1	198.994835318491	418.783908473136
TNFRSF14	1	198.612529487843	1	1	215.779290398009	1	213.640964961213	248.741984068799
TNFRSF17	1	1	1	1	1	551.247624314114	1	1
TNFRSF18	1	676.13085616025	1	1	1	204.622758418982	1	1
TNFRSF1B	277.521404503608	421.006205489718	1	250.004018709984	1	1	246.540223436447	1
TNFRSF4	1	1297.39769634775	1	1	1	1	1	230.87952934278
TNFRSF9	486.806795200712	572.978018771213	1	1	1	1	1	409.412275185701
TNFSF10	1	1	416.049388434125	1	1	1	1	533.855915447424
TNFSF13B	1	1	1	1	1	1	325.405425680665	1
TNFSF14	1	1	1	254.211285028071	1	1	1	1
TNIP1	1	204.110049992028	1	1	1	1	1	70.2174343908115
TNRC6A	1	1	1	1	1	150.277684214356	1	1
TOB1	325.973073319933	453.285677962285	1	245.485952863428	468.855096745184	1	176.027141053323	1
TOPORS	218.487608082021	1	1	1	1	1	1	230.927555986328
TOR3A	1	1	1	1	1	196.933169762949	1	1
TOX	1	158.468674345915	1	1	1	1	1	1
TOX4	1	1	1	219.268313704175	206.413348775576	129.666710196579	1	1
TP53INP1	1	1	1	1	1	396.375016062744	1	1
TPD52	1	1	1	1	1	488.345722218374	1	1
TPM1	1	1	399.445246166308	1	1	1	1	325.531722843208
TPP1	1	202.372037001248	1	1	1	1	426.839095836254	1
TPRKB	1	1	1	1	1	1	1	154.301046205401
TPSAB1	1	1	1	1	1	1	1	5974.84265201279
TPSB2	1	1	1	1	1	1	1	6801.50168528987
TPST2	1	1	1	1	1	440.858707075318	1	214.337827492994
TRABD	1	1	1	1	1	130.396432277752	1	1
TRAC	1496.54092231704	2277.44919279668	1	514.571485622603	1467.63414003229	270.910321200473	1	1
TRAF1	1	230.438572822162	1	1	1	1	1	657.221326848902
TRAF3IP3	216.540196509797	293.451598959994	1	252.547347682312	349.576668099336	187.912391737804	1	1
TRAPPC3	1	168.033884755367	1	1	1	335.479133072004	131.122984590821	1
TRAPPC4	239.218902930808	223.931710987312	1	256.601487292133	1	184.218353290814	1	1
TRAPPC6A	1	1	1	1	241.944033507335	197.592184398023	1	137.1374250619
TRAT1	617.623737048544	260.403881480324	1	1	581.768103628848	1	1	1
TRBC1	1163.59670281226	1144.08629423352	1	1120.03129155417	1013.83819743543	327.63295841441	1	1
TRBC2	1329.96682380974	1313.97729716264	1	604.864458709861	1250.10824808284	189.80175676627	1	1
TRDC	1	1	1	677.446136449215	1	1	1	1
TREM2	1	1	1	1	1	1	252.942204456937	1
TRGC1	1	1	1	494.647635331315	1	1	1	1
TRGC2	602.355033621453	1	1	542.439224362144	305.053445976227	131.73578971759	1	1
TRIB1	1	1	1	1	1	209.326307913876	1	1
TRIM22	207.089175780353	193.085134193838	1	1	263.699747809029	1	174.91614568093	1
TRNAU1AP	1	1	1	1	1	1	1	154.301046205401
TRNT1	1	1	1	1	1	1	1	248.741984068799
TSC22D1	1	1	842.684177752708	1	1	1	1	1305.06406698317
TSC22D4	1	178.137521728192	1	1	1	1	1	1
TSG101	1	1	1	1	1	1	1	248.741984068799
TSNAX	1	1	1	1	1	1	1	275.661278691947
TSPAN4	1	1	1	1	1	1	157.344348605505	1
TSPAN8	1	1	268.260531972523	1	1	1	1	1
TSPYL1	1	193.666817172334	1	271.295473713581	252.948202683897	1	1	146.117256848736
TSPYL2	435.047263191398	328.141596572412	1	304.677194756034	368.151138990802	116.918232680915	1	1
TTC1	1	200.268730190557	1	1	1	1	1	655.587163770919
TTC14	1	244.312626709415	1	260.749193171513	1	184.882564861513	1	1
TTC3	1	1	1	1	1	146.801727268403	1	1
TTPAL	1	1	1	1	1	180.130792353791	1	1
TTR	1	1	2058.78783207716	1	1	1	1	1
TUBA1C	1	1	1	1	1	1	165.564330775903	154.301046205401
TUBA4A	1389.06688049159	586.87762815936	1	973.93759366073	855.966546324815	603.623636934925	195.341743402189	1
TUSC2	1	1	1	1	1	218.659962485873	1	1
TWF2	1	1	1	1	1	1	165.866963611808	1
TWISTNB	1	1	1	267.370080966589	1	1	290.62209623809	515.878761030797
TXNDC11	1	1	1	1	1	173.405844355223	1	1
TXNDC15	1	1	1	1	1	644.414055120661	1	1
TYMP	1	195.710656186699	1	1	1	558.818276049241	476.303192514703	1
TYROBP	1	1	1	1718.46483198539	1	298.516829888976	2721.77379190372	1456.48779059876
U2AF1L4	1	1	1	1	1	244.827823323185	1	1
UAP1	1	1	1	1	1	188.731194237456	1	1
UBALD2	1	1	1	1	1	195.778773497974	1	1
UBE2D1	1	1	1	1	1	1	166.71263512095	1
UBE2E1	1	1	1	1	1	1	178.029406610945	219.388020441612
UBE2G1	1	1	1	1	1	241.115950841285	1	1
UBE2H	1	1	1	1	1	170.727773193653	1	1
UBE2J1	1	1	1	1	1	599.560442647645	1	1
UBE2K	1	219.704338421081	1	1	1	1	1	1
UBE2S	258.862220176804	1	1	1	1	1	1	1
UCP2	464.839197067683	855.313103203715	1	593.439440877905	487.163797390655	178.689122194633	534.304179056155	1
UFM1	1	158.509143057683	1	1	1	477.537755641374	207.652640218627	1
UGCG	1	1	275.09844336106	1	1	1	160.602401018375	1
UGT2B4	1	1	304.690607642134	1	1	1	1	1
UGT2B7	1	1	329.984321517158	1	1	1	1	1
UNC13D	1	1	1	1	1	1	1	290.964337273921
UPP1	1	1	1	284.233967441293	1	1	262.166069560705	1
UQCC3	1	1	1	1	1	208.089353018605	1	1
UQCRFS1	206.047914010381	252.935618535565	1	219.747334338595	1	294.762050902031	160.280660732358	200.900783619616
USE1	1	1	1	1	1	162.259851522278	1	1
USO1	1	1	1	1	1	176.343985236166	1	1
USP36	261.386422713512	1	1	249.237050717578	201.074340833712	131.795628538362	166.942362208234	1
USP53	1	1	1	1	1	1	1	582.471466987613
USP8	1	1	1	1	1	1	134.862218513226	1
UTRN	1	1	241.201779488976	1	1	1	1	1
VASP	1	1	1	1	1	1	237.140147204552	1
VBP1	1	195.073457226322	1	1	1	1	1	224.233567450289
VCP	1	207.05486370763	1	1	1	132.785819789204	1	1
VEGFA	1	1	1	1	1	1	164.03560964991	1
VEZT	1	1	1	1	1	1	1	502.286117565518
VMA21	1	213.17204907298	1	1	1	1	255.697142451235	213.118203095918
VMO1	1	1	1	1	1	1	198.025039934608	1
VOPP1	1	1	1	1	1	201.687633757938	1	1
VPS26A	1	164.954955427399	1	1	1	1	164.991632373174	1
VPS35	1	1	1	1	1	1	194.894017397685	208.652303172434
VPS37B	401.836868436829	342.276892979285	1	483.415065480748	331.807621703475	309.829307103326	153.232527165129	154.301046205401
VPS4B	1	190.17944920992	1	1	1	1	1	1
VSIG4	1	1	1	1	1	1	272.223418462486	1
VTN	1	1	1718.18488394148	1	1	1	1	1
VWA5A	1	1	1	1	1	1	1	1178.98987002879
VWF	1	1	577.721618302628	1	1	1	1	1
WAC	223.027884060236	1	1	1	1	1	173.816666465524	1
WAS	1	210.406052475506	1	1	202.607907093811	1	257.377016600971	214.337827492994
WBP11	1	201.056120792033	1	1	1	1	1	1
WBP5	1	1	582.734397465156	1	1	1	1	1
WBSCR22	1	195.312955349426	1	1	1	233.483926839965	1	397.192624378905
WDR1	1	229.801939596468	1	1	1	1	203.294100609981	81.0759507301319
WDR33	196.677229439914	225.75784418699	1	1	1	180.105681503095	1	1
WDR41	1	1	1	1	1	1	1	77.6265097809267
WDR45	1	1	1	1	1	257.706009412087	1	218.598061890345
WDR60	1	1	1	1	1	1	1	214.337827492994
WDR74	1	1	1	1	1	206.770354152397	1	1
WHSC1L1	360.449587139022	236.414438399394	1	1	1	254.411055291087	1	1
WIPF1	651.962577011831	395.829520785086	1	507.94955042125	504.36459321748	237.597821286627	330.30453630956	1
XBP1	236.428093935468	1	1	236.361983664783	1	1482.02845287984	237.795254033221	1
XCL1	1	1	1	435.608843431484	1	1	1	1
XCL2	375.430374066681	1	1	490.931208804322	1	1	1	1
XIST	1	1	1	1	372.333376586127	1	1	1
XRN2	212.704937550229	223.380721234232	1	1	1	1	172.450296963919	502.286117565518
YBX3	1	1	428.202981465761	1	1	1	228.255027649585	1
YIF1A	1	191.807627727977	261.033307020163	1	1	211.607336428039	1	1
YIPF3	1	1	208.770437667559	1	1	299.191061575576	1	1
YPEL5	1919.11790201831	1033.7140368294	1	1648.22222729455	1275.60066965139	1064.50359081021	609.238218416101	67.6335945398719
YTHDC1	247.232629605778	201.200544118965	1	271.030836772067	219.410821883625	226.104218445864	168.802440571935	1
YTHDF2	1	1	1	1	1	215.657307743585	1	296.754759245383
YWHAG	1	1	1	1	1	1	123.955476088707	285.231656430217
ZBP1	1	1	1	1	1	300.320898458324	1	1
ZBTB38	1	291.338842007695	1	1	1	301.740152198055	1	1
ZBTB8OS	1	1	1	1	1	203.491267750943	1	1
ZC3H12A	212.721026564567	210.044325382345	1	266.427610697721	254.586654433922	1	193.448560285499	219.533646570117
ZC3H13	200.545110559624	1	1	226.6598645079	1	1	1	1
ZC3HAV1	391.223111765667	324.14234452178	1	373.536684719529	491.7627659586	215.427273571045	315.171080438378	1
ZCCHC10	1	1	1	1	1	1	1	234.456284789099
ZCCHC11	1	1	1	1	1	229.712439468624	1	1
ZEB2	509.167057528845	1	1	666.764311457901	1	170.316361630462	396.078585827376	351.68518925916
ZFAND1	1	1	1	1	1	203.762287938684	1	293.19415382605
ZFAND5	190.029460079879	187.723284967568	294.393890072786	1	1	1	462.696948657103	302.103686604985
ZFP36L2	876.795989319944	466.692787300316	1	557.218265857561	828.180866293964	363.030197066871	368.556899415338	1
ZFYVE16	1	1	1	1	1	1	152.259143690345	1
ZMAT2	1	220.687114285776	1	220.034391355054	1	165.959037972534	176.692983414271	224.233567450289
ZMYM2	1	164.570709134611	1	1	1	1	1	1
ZNF131	208.862912033096	162.088642626418	1	1	189.203535718757	1	1	1
ZNF207	1	233.91163849985	249.323275764796	289.79012455673	1	212.564244682008	211.146157680418	200.900783619616
ZNF292	1	207.736354373138	1	1	1	1	1	1
ZNF326	1	1	1	1	1	1	1	248.741984068799
ZNF331	1281.08594200537	758.792049210064	1	749.856111512788	810.45350667812	262.217746928839	658.35241627102	1
ZNF430	1	1	1	1	1	1	1	241.278040815109
ZNF593	1	1	1	1	1	186.234633438662	1	1
ZNF90	1	214.346411648823	1	255.087933922652	258.097653547292	163.520269159946	359.640722210928	1
ZNHIT3	209.35157539884	183.972823667206	1	1	1	1	1	1
ZNRD1	1	1	1	1	1	1	1	429.160023953624
ZRANB2	1	168.445769767473	1	1	1	237.847041507848	140.687284113532	1
ZYX	1	1	1	1	1	1	164.735254478282	1
