NAME	Immune cluster	Hepatocytes	Fibroblasts	Endothelial Cells	Bi-Potent Cells
A1BG	1	394.718703538069	133.119284377965	1	1
A1CF	1	338.925216844689	1	1	125.599623703971
A2M	1	289.874944730266	791.186568920186	1602.1757187831	1
AADAC	1	253.074758317694	1	1	1
AAK1	248.640734490032	1	127.28132160669	1	106.442756177247
AAMDC	1	219.215034464674	202.475029454408	1	1
AAMP	1	1	157.170510205096	1	1
ABCB1	1	1	1	1	508.65679367354
ABCB4	1	330.441674686973	1	1	1
ABCC3	1	1	1	1	187.426206742765
ABHD11	1	1	1	1	136.520840592601
ABHD14B	1	1	152.209346386717	1	1
ABHD2	1	1	1	1	192.465988029416
ABL2	1	1	1	330.157891590465	1
ABRACL	367.285547255823	1	1	1	147.142386815287
ABT1	1	1	1	1	262.206086390957
AC013461.1	1	1	421.913402603574	1	1
AC016831.7	330.288450837993	1	1	1	1
AC092580.4	509.660175281363	1	1	1	1
AC140912.1	1	1	147.537700873359	1	1
ACAA1	1	333.128725834158	1	1	1
ACAA2	1	539.872111855706	1	1	1
ACADVL	1	283.249290452427	1	1	1
ACAP1	479.374101424562	1	1	1	1
ACAT1	1	343.933547048598	114.677469207541	1	1
ACAT2	1	239.973757917321	1	1	383.201468900568
ACOT13	1	269.48677279002	1	1	1
ACP1	205.611422880298	278.565968224559	183.406904946848	1	1
ACSL1	1	388.621006182832	1	1	1
ACSM2A	1	452.273418544572	1	1	1
ACSM2B	1	428.136260272609	1	1	1
ACTA2	1	1	2839.29552656214	1	1
ACTG2	1	1	302.037141961849	1	1
ACTR10	1	1	287.490262082685	1	1
ACTR2	301.501356491354	1	162.340599276143	1	100.749815999842
ADAM10	1	1	1	1	239.19709092203
ADAM15	1	1	1	284.784582364163	1
ADAMTS1	1	1	789.210155301206	702.523511165539	1
ADAMTS4	1	1	674.294629567616	376.321310879251	1
ADAMTS9	1	1	385.228414024421	410.73041326213	1
ADAR	199.99231032636	1	91.3203157970567	281.952197781318	1
ADCY3	1	1	219.003739368064	1	1
ADD1	1	1	181.045391228578	262.04687927246	1
ADGRA2	1	1	207.170181261032	1	1
ADGRE5	485.427026199093	1	1	1	1
ADGRF5	1	1	1	546.345935461474	1
ADGRL4	1	1	1	802.392000039034	1
ADH1A	1	487.306036003606	1	1	1
ADH1B	1	1120.14312326298	1	1	1
ADH1C	1	559.72858433519	1	1	312.297496578829
ADH4	1	725.17389907612	1	1	1
ADH5	1	300.389938299339	225.248926991136	1	187.870431825693
ADI1	1	663.901674471249	290.398376422046	1	859.257169660781
ADIPOR1	1	1	1	1	306.535623339057
ADIRF	1	1	2155.1325365333	1562.27990628627	1
ADM	1	1	1	382.289630041074	1
AEBP1	1	1	317.918912708471	1	1
AFF4	1	1	92.6938637427048	275.640105975494	272.882895048108
AFM	1	881.487593191205	1	1	1
AGPAT2	1	1	1	1	168.984517159052
AGR2	1	312.525946001313	1	1	738.22941291524
AGR3	1	1	1	1	215.098537113068
AGT	1	794.615555126561	413.962410317464	1	828.92157385916
AGXT	1	2012.90344310287	1	1	1
AHCYL1	1	1	156.218767373126	1	1
AHSA1	247.913778014209	1	249.603273425533	1	143.952441945091
AHSG	1	3266.80143755093	1	1	1
AIDA	1	1	134.613512582983	1	1
AIF1	359.621558824383	1	1	1	1
AIG1	1	340.920690397356	108.655678248349	1	304.697024275918
AIMP1	1	242.810135612991	240.725052595756	1	137.175888390702
AIP	1	1	212.146911013653	1	1
AK1	1	232.82024193081	345.526251884576	1	167.504017632587
AK2	1	351.871534972254	128.171942022315	1	1
AK6	1	1	154.099235181742	1	1
AKAP12	1	1	226.467582163633	887.801115470253	1
AKAP7	1	1	1	1	271.402814415862
AKNA	344.825248550311	1	1	1	1
AKR1A1	1	626.156612673004	145.582910394649	1	85.9795587964955
AKR1B10	1	1	1	1	325.689440660218
AKR1C1	1	767.379858449074	1	1	623.167008961514
AKR1C3	1	1365.0617991591	1	1	509.175653748399
AKR1C4	1	531.760288003348	1	1	439.635775597841
AKR7A3	1	1	1	1	243.933413549327
ALB	383.349991239142	10096.4930036104	1	327.34959148005	861.775450448344
ALCAM	1	1	1	1	192.154178885583
ALDH1A1	1	643.493654123584	117.956559260386	1	730.328885420252
ALDH2	1	394.531435786204	1	1	1
ALDH3A2	1	1	1	1	285.550622005925
ALDH6A1	1	218.600922035779	1	1	1
ALDOB	1	2234.23597210708	1	1	1
ALG5	1	1	1	1	185.461446730489
ALKBH7	1	321.372464765696	229.9085906817	1	159.351592314889
ALOX5AP	818.865666880043	1	1	1	1
AMBP	1	4151.74914752945	1	1	617.213631529374
ANAPC5	1	1	135.378929049914	1	1
ANG	1	1432.53394774003	1	1	268.841294860934
ANGPT1	1	1	168.250281590863	1	1
ANGPT2	1	1	385.474815803053	687.377351187539	1
ANGPTL3	1	670.063002842837	1	1	1
ANGPTL8	1	556.941118786981	1	1	1
ANKRD28	243.639119399153	1	1	339.943033835642	1
ANKRD36C	1	1	1	1	129.218157998444
ANKRD44	215.62125958113	1	1	1	1
ANP32A	199.0756173752	1	181.844944193541	1	135.101140950723
ANP32B	251.210278578143	1	193.09546291153	1	187.292907994313
ANP32E	242.99996858106	1	166.554797575563	1	1
ANPEP	1	256.859787348477	1	1	603.983739583639
ANTXR1	1	1	225.76783133089	1	1
ANXA11	1	1	128.46808421684	1	556.71183861551
ANXA13	1	1	1	1	666.797698342244
ANXA3	1	1	1	1	179.298427717605
ANXA4	1	387.06954095875	106.437971725888	1	2539.04496603174
ANXA6	279.803584066237	1	540.897149188525	1	1
ANXA7	1	215.832015530502	247.231010558454	1	1
AOC3	1	1	205.656125107391	1	1
AP2B1	1	1	167.465910537808	318.290415309301	170.938403969983
APCDD1	1	1	1	1	224.629873789244
APCS	1	466.800286061551	1	1	223.162778365323
APEX1	1	213.493126737392	220.612481800721	1	82.0968033756878
APMAP	294.064803116103	351.269526874578	1	1	1
APOA1	1	5420.87808229561	1	1	1
APOA1BP	1	235.298800270049	188.89886028343	1	1
APOA2	598.527712882832	9295.83477544701	1	542.844869297544	1
APOB	1	736.863100111573	1	1	1
APOBEC3C	246.84559055557	1	1	1	1
APOBEC3G	347.118036439742	1	1	1	1
APOC1	503.379282818849	6734.55124474297	1	1	1
APOC2	1	892.044206081843	1	1	1
APOC3	309.008628613715	8241.56558139128	1	379.072766678748	1
APOE	1	1434.2604197772	1	1	1
APOH	1	3770.2056131811	1	1	1
APOL1	1	1	1	1	67.3415352297069
APOLD1	1	1	142.579560077363	673.889527218881	1
APOM	1	625.551833188342	1	1	1
APP	1	1	267.444131971227	994.542417066544	647.022434514472
AQP1	1	1	1	993.557673224837	490.277579195454
AQP3	1	1	1	1	243.188622357563
AREG	715.288108080286	1	1	1	1698.60304860087
ARF3	1	1	171.740064202548	1	1
ARF5	1	1	1	1	177.351843575354
ARF6	325.27486282448	1	1	1	208.927330615597
ARFGAP3	1	1	1	1	102.997550207417
ARG1	1	510.754514120351	1	1	1
ARHGAP15	233.703437142136	1	208.197932023942	1	1
ARHGAP29	1	1	143.997411360023	796.481354761361	1
ARHGAP5	1	1	103.278359281548	1	244.855973771668
ARHGAP9	208.5253352665	1	1	1	1
ARHGDIB	1552.82793615912	1	294.869207936678	576.952494822308	1
ARHGEF17	1	1	209.532162790916	1	1
ARHGEF35	1	1	1	1	201.462132560362
ARHGEF7	1	1	138.232343411966	1	1
ARID4B	463.886662013819	1	185.310315641938	441.491375023913	1
ARID5A	295.409247484283	1	124.487868205472	362.252409474503	1
ARID5B	586.778351064413	1	661.12464905846	654.402911355204	1
ARL14	1	1	1	1	814.406991455829
ARL15	1	1	1	252.702958211463	1
ARL2	1	1	338.703558826749	461.084780553919	197.614376535034
ARL4C	507.772063357162	1	1	1	276.858630567485
ARL5A	1	1	1	1	116.091326998866
ARMCX3	1	1	292.277593115461	1	1
ARPC1A	1	250.097044548663	370.434174888862	1	237.162769688438
ARPC4	300.524070495073	1	249.238584932912	230.832494428397	1
ARPC5L	1	229.021230665036	1	1	295.761900919304
ARPP19	241.033650157329	1	191.025982315088	1	191.694392966447
ASAH1	1	1	397.259607841328	1	621.063916833324
ASAP1	1	1	1	248.346773649035	1
ASGR1	1	1573.0790119826	1	1	1
ASGR2	1	619.159626530554	1	1	1
ASL	1	450.901447152272	1	1	180.929780634405
ASNA1	1	1	212.345132939625	1	1
ASPN	1	1	361.248651163234	1	1
ASS1	1	325.000963597052	1	1	1
ATF5	1	438.374029869937	1	1	1
ATF6	1	1	1	1	229.217762504921
ATG101	1	1	181.610979681872	1	288.678799722194
ATG12	233.3741776558	1	135.677311247414	1	1
ATP1B1	1	340.507899807334	1	1	886.346056220485
ATP1B3	503.892567751044	1	358.140173562082	425.90434039253	1
ATP2B1	225.387053740217	1	1	1	292.781026096131
ATP2B4	1	1	215.330509944528	1	1
ATP6V0A1	1	1	1	1	251.318013754174
ATP6V0D1	1	209.792047723035	229.947851290713	1	1
ATP6V1E1	1	1	378.473877189516	260.207857092537	1
ATXN10	1	1	127.345156005785	1	1
ATXN7	1	1	1	1	254.960401967723
AXL	1	1	351.417187171262	1	1
AZGP1	1	1310.16535402618	1	1	1
B3GNT3	1	1	1	1	217.286056835164
B3GNT5	1	1	1	1	446.067399595871
B3GNT7	1	1	1	1	91.4687367084761
B4GALT1	283.630699696332	1	1	1	327.627339847711
BAAT	1	646.402959171501	1	1	153.842752602147
BAD	1	179.472143545905	246.311070949912	1	187.293956664844
BAG3	1	1	344.017406760939	341.153854839762	1
BAG6	1	1	1	1	162.692237248618
BATF	275.293109577333	1	1	1	1
BAZ1A	318.813352800771	1	137.608034606805	1	245.144164938203
BAZ2A	1	1	138.527390669999	1	1
BAZ2B	1	1	1	238.825792443086	217.159115335742
BBX	232.789495055474	1	335.725770994476	1	121.076447426219
BCAM	1	1	527.233590284117	666.83563527017	239.938213334845
BCAP29	1	1	158.442143009885	291.964698497112	1
BCAS1	1	1	1	1	298.88399234191
BCAS2	435.53923414302	1	216.882289566955	1	143.694661931295
BCHE	1	432.048702473561	1	1	1
BCL10	1	1	1	1	459.228676574446
BCL2L1	1	1	1	1	82.1151640888949
BCL2L15	1	1	1	1	136.579181785995
BCLAF1	349.356297533188	1	251.745062987308	334.056491992559	1
BCO2	1	1	1	1	150.80357755058
BDP1	1	1	130.010112978651	1	1
BEX1	1	1	1	1	128.748886448701
BEX2	1	1	1	1	358.688504652808
BEX4	1	1	186.631832308007	1	279.061598515691
BEX5	1	1	1	1	188.617126717765
BGN	1	1	1732.5549592358	1	1
BHLHE40	1	1	1	427.046599154219	307.498550470864
BHMT	1	888.964976235622	1	1	1
BICC1	1	1	1	1	588.14504156687
BIN2	298.786114195467	1	1	1	1
BIRC2	1	1	1	1	464.610403894498
BIRC3	915.777542839478	1	1	1	796.202973937659
BLNK	1	1	1	1	106.435715038848
BLOC1S2	1	1	1	1	291.451932619676
BLVRA	1	1	131.616785105956	1	1
BLVRB	1	728.090340043511	139.677181442798	1	186.258537740632
BMPR2	1	1	135.905195808288	344.439835137977	1
BNIP2	1	1	118.586218229298	255.81775845803	1
BNIP3	1	497.371355523227	1	1	116.620590532364
BNIP3L	1	1	192.506581930636	1	1
BOLA3	1	303.253042472931	120.74453950418	1	1
BORCS7	1	1	126.97731235052	1	1
BPTF	1	1	153.628336620262	1	1
BRD3	1	1	165.991399039697	1	1
BRD4	1	1	202.350335489853	1	1
BRIX1	1	1	158.082148273919	1	1
BSDC1	1	1	140.200531930873	1	1
BTF3L4	1	1	211.955097891093	1	1
BTG1	1563.86928267729	225.333649898906	344.037775216902	458.076725220683	580.383456644679
BTG3	207.630355253901	1	122.272187814173	1	362.547058565367
BTN3A2	278.605267562515	1	1	1	1
BTNL9	1	1	1	416.395675000566	1
BUB3	334.508954706383	1	107.906969918108	1	1
C10orf10	1	1	519.547883445712	981.423512680174	184.308479158164
C10orf54	223.740456961516	1	112.830652238435	1	174.730161190153
C11orf54	1	1	1	1	253.588994483546
C11orf73	1	1	192.200813289825	1	1
C11orf96	1	1	483.152265331446	1	1
C12orf75	1	1	1	1	455.010159146903
C14orf1	1	254.726778592673	1	1	204.436086107576
C14orf105	1	1	1	1	107.685828687794
C14orf119	1	1	136.263503579682	1	1
C15orf48	1	350.560687441083	1	1	532.55225109966
C16orf54	307.550513723676	1	1	1	1
C19orf33	1	1	1	1	860.593466272547
C1GALT1C1	1	1	1	1	352.922954735699
C1QTNF1	1	1	445.373846753645	1	1
C1R	1	615.182580654583	530.846537953839	1	1
C1S	1	663.690605352607	477.712473667782	1	1
C1orf123	1	1	252.179814175532	1	1
C1orf54	1	1	214.746878158759	1	1
C1orf56	447.73298946424	1	251.460654538641	1	437.26414794071
C2	1	400.381503883311	1	1	1
C20orf27	1	1	173.701057293948	1	1
C3	1	976.120986101423	1	1	1
C4BPA	1	494.408767079046	1	1	1
C4BPB	1	931.579327701982	1	1	1
C5orf24	1	1	192.430542052006	1	1
C6orf132	1	1	1	1	216.771845708526
C6orf141	1	1	1	1	241.326023223082
C6orf62	250.523307168851	258.77387957607	100.05624496705	1	1
C7	1	1	269.868373869146	1	1
C8B	1	222.897723890189	1	1	1
C8G	1	577.73230350511	1	1	1
C8orf4	1	1	288.249290172306	704.812432988512	482.689601752494
C9orf142	349.361497075319	1	156.246887412845	1	1
C9orf3	1	1	140.702262927905	1	1
C9orf78	345.466178724905	1	146.495457683553	1	1
CA2	1	1	1	352.15171507645	720.371754026968
CA9	1	1	1	1	179.121086899906
CALCOCO2	1	1	159.779214317826	308.304854396102	1
CALCRL	1	1	1	1016.87192604738	1
CALHM2	1	1	151.322636408868	1	1
CALU	1	1	231.671555302559	256.787905139409	1
CAND1	1	1	1	1	139.956410188945
CAP1	448.679934946222	1	487.096068069289	303.229934911987	1
CAP2	1	1	143.27612364235	1	1
CAPNS1	1	1	122.105134878081	269.782699666649	147.142386815287
CARD16	511.66667073028	1	1	438.172393153469	1
CARMN	1	1	459.991564231849	1	1
CASP1	202.144631483303	1	1	1	1
CASP4	334.737813782833	1	1	353.227446997276	1
CASQ2	1	1	135.200816740615	1	1
CAT	1	336.897572928335	103.594840555844	1	1
CAV1	1	1	867.895213177005	1218.19530919211	1
CBR1	1	532.314670006048	133.224247705475	1	273.792627609979
CBX6	1	1	195.47404811148	1	1
CCDC102B	1	1	207.246639572759	1	1
CCDC12	310.504047904001	1	131.884086335796	1	234.195412224166
CCDC124	1	217.208472115657	185.204837463229	1	255.056423672734
CCDC167	252.883327214464	350.851202521435	1	1	1
CCDC174	1	1	174.181739932118	1	1
CCDC186	1	1	1	1	200.549785096959
CCDC25	1	176.619691303529	118.021592074182	1	114.527934911019
CCDC3	1	1	196.841843180675	1	1
CCDC47	1	1	186.625849875616	1	1
CCDC59	273.65298714303	1	131.392181493419	1	1
CCDC80	1	1	354.904508848701	1	1
CCL14	1	1	1	462.10940593192	1
CCL2	1	1	579.969445413239	511.520107382871	1
CCL20	1	243.430367855896	1	1	1
CCL21	1	1	208.437816610919	1	1
CCL28	1	1	1	1	354.994946451134
CCL3	467.368257892727	1	1	1	1
CCL4	1363.00460768357	1	1	1	1
CCL4L2	378.26615682959	1	1	1	1
CCL5	2601.48849114294	1	1	1	302.04574357329
CCL8	1	1	196.447519057868	1	1
CCND1	1	1	340.093499368325	350.960473631558	334.978138786799
CCND2	248.466854325163	1	101.862269985534	1	1
CCND3	307.633957131424	1	1	1	1
CCNDBP1	252.522845032783	1	172.170947720764	1	1
CCNG1	1	1	1	1	229.574261314624
CCNH	470.098825645108	1	142.483298247029	1	1
CCSER2	1	1	134.683030483054	1	1
CCT2	1	1	231.303820896058	1	1
CCT5	1	1	205.3568865491	1	1
CCT6A	189.520388682385	272.550979488474	277.545310016666	1	1
CCT7	1	1	257.259564340527	1	1
CD2	957.907267625069	1	1	1	1
CD24	1	303.794569480343	1	1	1882.59035369165
CD247	394.276207637159	1	1	1	1
CD27	313.906944010317	1	1	1	1
CD2AP	1	1	1	1	70.2195184328439
CD320	1	1	1	370.249972460708	1
CD34	1	1	1	633.020606533545	1
CD36	1	1	1	323.303229143454	1
CD37	711.498221285358	1	1	1	1
CD3D	1384.13875622723	1	1	1	1
CD3E	758.866926449858	1	1	1	1
CD3G	489.701517110963	1	1	1	1
CD44	891.575637014763	1	239.352563356644	1	636.795970107033
CD46	1	1	196.233486256763	345.59121432467	337.789769128795
CD47	236.329039952556	1	1	1	234.613400567386
CD48	624.733127692802	1	1	1	1
CD52	1818.02022376427	1	1	1	1
CD53	696.491324447145	1	1	1	1
CD55	309.245107033231	1	1	243.97136471867	171.267717823876
CD58	1	1	1	1	242.361747302808
CD69	1808.1868689455	1	1	1	1
CD7	852.280521997849	1	1	1	1
CD74	1998.45547476103	933.505725741354	284.251581926872	3406.47060693133	895.660287825066
CD81	1	1	337.698360064725	685.187718383508	136.007171616508
CD83	261.42194107608	1	1	1	1
CD8A	314.854520536036	1	1	1	1
CD8B	298.949036399173	1	1	1	1
CD9	1	1	988.090477235286	2006.2712190884	184.074598710599
CD93	1	1	1	598.266984412054	1
CD96	371.140136843448	1	1	1	1
CDC26	1	1	141.302751694694	1	1
CDC37L1	1	1	130.705879025168	1	1
CDC42EP1	1	1	111.771735795659	1	284.434232286096
CDC42SE1	500.346274929994	1	161.925976679833	1	316.066003438271
CDC42SE2	609.082381427484	1	1	1	1
CDC5L	1	1	198.410489416243	1	1
CDH1	1	1	1	1	186.975041381412
CDH13	1	1	1	333.945866786437	1
CDH5	1	1	1	558.718635520719	1
CDH6	1	1	172.107833821454	1	1
CDK2AP2	220.12098663272	256.072758525843	101.470907327468	1	1
CDK4	1	1	156.878049989765	1	1
CDK5RAP3	1	435.607282339926	1	1	207.081521036044
CDKN1B	272.994387344331	1	140.353427980139	1	1
CDKN2AIP	1	1	1	1	354.327437291777
CDKN2C	1	1	176.867917048816	1	1
CEACAM6	1	1	1	1	916.405049178783
CELF1	1	379.511258448037	92.9038208200213	1	1
CELF2	412.487513132768	1	1	1	1
CEP57	1	1	1	1	331.726112035621
CERS2	1	182.770690600547	97.2948994860403	1	179.147776121679
CES1	1	1133.90719758644	1	1	820.004447503006
CES2	1	473.42152858413	1	1	1
CFAP36	1	1	191.62955818656	1	1
CFB	1	308.106262302146	1	1	1
CFH	1	1105.73419757086	429.88311652701	1	1
CFHR1	1	1132.02535405699	1	1	1
CFI	1	1	1	1	115.037449796531
CFL2	1	1	235.504428132395	1	1
CFTR	1	1	1	1	161.422608684723
CH17.360D5.2	1	1	1	1	194.848288998069
CHCHD5	1	201.903904632841	164.890549021319	1	1
CHCHD7	191.363414815191	1	1	1	308.12636611727
CHD1	375.755912169849	1	168.108109511747	1	92.1523597190332
CHD2	1	1	174.891992530052	1	1
CHD4	1	1	142.766107503141	1	1
CHD9	1	1	254.227116797785	303.995514983639	219.024487586079
CHMP1B	437.080664562409	1	175.161338123166	1	334.151592561052
CHMP2B	1	214.528341812462	185.66351572762	1	105.403734309711
CHMP3	1	1	270.668555002517	371.883603960316	404.772348524139
CHMP4A	369.576419621716	1	205.247149634859	1	124.990289484825
CHORDC1	269.040924565182	1	181.485446467006	1	1
CHP1	1	1	127.562746360634	1	578.790014562877
CHST4	1	1	1	1	226.873455071858
CHSY1	1	1	150.730623223263	1	1
CHTOP	1	1	84.7747187872209	1	335.916947725994
CIR1	217.451494373105	1	347.990260820265	1	1
CISD1	1	356.30948225748	143.957522401498	1	181.03519895847
CISD2	1	233.812880365234	98.1795230941932	1	196.29312674285
CISD3	1	408.692346058377	1	1	1
CKS1B	1	532.908631337881	119.041644365262	1	1
CKS2	340.206101098876	268.006717557038	1	1	1
CLCF1	1	1	1	1	131.39902052651
CLDN1	1	1	1	1	290.966848181935
CLDN10	1	1	1	1	886.557377771672
CLDN23	1	1	1	1	151.903910047536
CLDN3	1	1	1	1	304.270626263641
CLDN4	1	1	1	1	1696.3173617871
CLDN5	1	1	1	619.485727151673	1
CLDN7	1	225.924016483193	1	1	1057.84067221244
CLDND1	246.624186662647	1	140.280914341861	1	1
CLEC14A	1	1	1	670.157886265039	1
CLEC2B	850.845470861811	1	150.281796178693	533.700572203924	1
CLEC2D	552.693316034508	1	1	1	1
CLIC4	1	1	293.387642151573	333.993251133846	1
CLINT1	1	1	71.8812644254347	1	500.430397043587
CLMN	1	1	143.269079892148	1	1
CLNS1A	1	1	120.450229392796	1	266.898211184408
CLPTM1	1	1	1	1	148.077238770462
CLTA	1	1	199.323519653413	347.514632785542	384.838909631936
CMC1	749.608699137534	256.472672966532	158.817763840289	1	206.01053214704
CMC2	198.03613309626	210.119465843754	1	1	1
CMPK1	1	1	1	1	347.473896902843
CNDP2	1	1	1	1	226.22687173688
CNN1	1	1	615.71489317453	1	1
CNN2	187.55587614899	1	166.194308407571	1	1
CNOT1	1	1	1	1	326.183833174045
CNOT4	1	1	129.50423692417	1	1
CNOT6L	404.497819832119	1	1	1	1
CNP	1	1	120.927921791111	1	1
COA3	1	599.092413102803	173.458246588329	1	239.231534766388
COA4	1	348.870156819964	155.905553181242	1	1
COL14A1	1	1	396.687715919434	1	1
COL18A1	1	449.9341011609	361.30154857667	266.237556030917	1
COL1A1	1	1	479.458416508497	1	1
COL1A2	1	1	519.362211586619	1	1
COL3A1	1	1	364.489743100831	1	1
COL4A1	1	1	321.908563473531	655.114299372124	1
COL4A2	1	1	459.023206841664	539.705394497113	1
COL6A1	1	1	415.170483580717	1	1
COL6A2	1	1	576.400415213308	1	1
COLCA1	1	1	1	1	240.685549328294
COLEC11	1	1	344.077272521356	1	1
COMMD3	1	211.283155691787	117.197578267571	1	142.590744093627
COMMD4	1	253.813389159143	100.196208583537	1	1
COMT	1	1	204.819661818446	246.365166540144	263.229225644388
COMTD1	1	1	1	1	151.577236919503
COPB1	1	1	1	1	400.075933766765
COPS2	1	1	132.133976845996	1	1
COPS5	1	1	137.900958533408	1	1
COPZ1	1	240.530122774363	133.7446593131	1	1
COQ4	1	1	1	1	297.900065433607
CORO1A	1025.71027314339	1	1	1	1
CORO1B	268.165566091461	1	168.344839902693	1	1
COX4I2	1	1	489.027584948027	1	1
COX7A1	1	1	595.543298755264	426.351011152547	1
CP	1	728.987284161792	1	1	1
CPB2	1	341.858963841592	1	1	411.226057594364
CPD	1	1	1	1	170.484142462828
CPE	1	1	227.905640325403	1	1
CPM	1	1	1	1	251.406496156711
CPS1	1	398.724414215038	1	1	1
CRB3	1	1	1	1	142.870775024441
CREM	1841.34512685102	1	380.879142683951	320.422818791059	378.352644397792
CRIM1	1	1	310.382599306224	508.00082164022	1
CRIP1	695.737537340209	1	1155.07888519754	1	1
CRIP2	1	1	999.013712197378	1307.52527399795	148.673244506312
CRIPT	1	1	139.265580272796	1	1
CRISPLD2	1	1	818.519202712474	1	1
CRTAP	1	1	180.432297361889	1	1
CRYAB	1	1	1235.93284018769	1	348.902230501308
CRYL1	1	220.338750955811	1	1	1
CRYZ	1	1	1	1	482.194287557388
CSNK1D	205.465471970025	1	1	1	116.886095189251
CSNK1E	1	1	192.865235374092	1	1
CSPG4	1	1	182.372220400881	1	1
CSRNP1	1	1	101.631488879122	224.748522154316	108.335062519732
CSRP1	1	1	756.615078066071	1	1
CSRP2	1	1	911.347152599537	1	1
CST7	1414.57378857353	1	1	1	1
CTBP1	1	1	1	1	183.441342003801
CTBP2	1	1	147.54323413605	1	1
CTDSP2	1	1	181.308183535455	1	1
CTNNA1	1	1	205.605000762599	307.785075388435	223.052914227372
CTSA	1	340.294567742878	261.92114772065	1	1
CTSC	471.958665895762	328.75734896778	173.04702948883	1	1
CTSH	1	1	1	1	657.89332290104
CTSL	1	1	243.071509473337	328.157423342093	1
CTSS	419.036285894926	1	1	1	1
CTSW	633.374206548296	1	1	1	1
CTTNBP2NL	1	1	1	329.282122277365	1
CUEDC2	1	1	139.281087672487	1	1
CWF19L2	1	1	1	359.372016887326	111.921158376555
CXADR	1	1	1	1	265.375622913706
CXCL1	1	1	1	1	393.252315642952
CXCL12	1	1	91.6998180881619	442.685386455119	1
CXCL16	1	1	1	1	162.102617022862
CXCL2	1	252.16547372173	1	614.473306230427	1135.48205904085
CXCL3	1	1	1	1	301.959291182428
CXCL6	1	1	1	1	512.065022720821
CXCL8	1	1	1	1	883.068100826947
CXCR4	2879.25621798099	1	1	1	1
CXorf36	1	1	1	264.368864574981	1
CYB5A	1	1925.83225950726	131.555477797418	290.027850155834	1037.97982574799
CYB5B	1	1	150.500320003128	227.370519757656	149.729615143757
CYBA	1220.74405289088	1	1	366.028523457901	626.53512554875
CYHR1	1	1	1	1	204.182051635676
CYLD	204.931142298379	1	1	1	1
CYP2A6	1	498.433081391492	1	1	1
CYP2A7	1	1350.39160237234	1	1	1
CYP2C8	1	256.709261145999	1	1	1
CYP2C9	1	325.741947802215	1	1	1
CYP2D6	1	551.191580217883	1	1	1
CYP2E1	1	623.063421585801	1	1	1
CYP3A5	1	739.74095650559	1	1	759.73554642188
CYP4F3	1	542.069529501166	1	1	1
CYR61	1	1	296.527978219846	348.869767591529	370.342225299841
CYTIP	718.098136864933	1	1	1	1
CYYR1	1	1	1	258.241280014186	1
DAB2	1	1	1	369.668042844114	256.114643435882
DACT3	1	1	191.768274874487	1	1
DARS	1	1	193.321286499134	1	1
DCDC2	1	1	1	1	263.082231848665
DCN	1	1	911.889536749872	1	1
DCTN2	1	1	192.618276992773	1	1
DCTN6	228.187904592142	1	241.916132527701	1	244.943843567513
DCXR	251.187547794586	2485.92340717336	1	1	144.207390753507
DDA1	1	1	1	1	161.484098389821
DDIT3	1	257.651509243913	162.242755579081	1	286.613124785497
DDOST	1	208.208684357319	148.99488917038	1	1
DDR2	1	1	180.249081410105	1	1
DDRGK1	1	184.159412766065	114.920726218919	1	132.743056758256
DDX27	275.251482381398	1	208.188283296147	1	1
DDX6	346.655415689227	1	178.73108649859	1	1
DECR1	1	515.153253587951	104.959260396021	1	121.167892769993
DEFB1	1	1	1	1	2039.07593383982
DEGS1	1	1	190.859520074868	1	1
DEGS2	1	1	1	1	149.820769150379
DEK	257.083479605302	1	156.500656482478	1	128.352136102518
DGCR6L	1	230.817865668694	153.274669917729	1	1
DGUOK	265.686395519171	1	248.576313589043	1	288.525755829017
DHCR24	1	424.3811260012	1	1	366.96639864839
DHPS	1	1	159.518127572785	1	1
DHRS3	1	260.109632357322	1	1	1
DHX29	1	1	131.057276156724	1	1
DHX36	421.542488658296	1	276.013496115862	343.855875554057	1
DKK3	1	1	200.473750534204	1	1
DLC1	1	1	147.124066510675	315.403594467217	1
DLL4	1	1	1	344.568305310735	1
DMKN	1	1	1	1	237.516178951351
DNAJA2	1	1	156.021608491043	1	1
DNAJA4	1	1	216.391223666594	1	1
DNAJB12	1	1	1	1	139.980238970242
DNAJB9	380.365230232624	1	130.074706577147	1	309.587000369134
DNAJC19	1	257.278081185409	144.531722576814	1	130.743855111348
DNAJC3	1	1	131.915584061019	1	335.701141930837
DNALI1	1	1	1	1	281.102522946386
DNASE1L3	1	1	1	1975.6893724388	1
DNPEP	1	1	1	1	453.47196238683
DNPH1	1	478.428186798715	97.3136258671088	1	441.40901313999
DOCK8	213.691820838093	1	1	1	1
DOCK9	1	1	1	267.670970354515	1
DOK2	396.318581005333	1	1	1	1
DONSON	416.374895791908	1	430.702141722489	1	1
DPCD	1	1	1	1	118.604315792129
DPCR1	1	1	1	1	395.068717995642
DPH3	1	1	1	1	133.915167150782
DPM1	1	1	218.891772670427	1	1
DPM3	1	344.216808593548	238.778514356404	255.004758507818	1
DPP7	224.119162659391	1	88.6211662552359	1	201.268030727015
DPYSL2	1	1	1	276.381135399607	207.070862810487
DR1	1	1	1	1	293.827252241241
DRAM2	1	1	141.131158364245	1	1
DSCR8	1	254.698505229737	1	1	1
DSG2	1	1	1	1	350.024593916706
DST	1	458.872675748805	273.953692353149	1	311.15700259609
DTX3	1	1	145.821402401013	1	1
DUOX2	1	1	1	1	204.144904815641
DUSP14	1	1	258.165638145669	1	1
DUSP2	232.161446706197	1	1	1	1
DUSP23	1	325.747126154129	1	1	280.183558813349
DUSP4	310.228460122786	1	1	1	412.8122038866
DUSP5	1	1	1	1	88.9481794687265
DUSP6	1	1	1	445.732340478643	1
DUT	1	1	1	1	119.589772489394
DYNC1I2	1	1	437.112793529588	575.806428664442	362.773421303168
DYNC1LI1	1	1	131.957018621797	1	1
DYNC1LI2	1	1	187.659617621643	239.499619408892	81.3184667462444
DYNLT3	1	1	212.376880432082	1	347.36700001289
EAPP	231.758159383228	1	179.322614562591	1	135.337373966496
EBF1	1	1	198.877198153594	1	1
EBLN3	1	1	132.358730530604	1	369.639093919824
EBNA1BP2	1	237.185132757431	87.7015305596516	1	1
EBP	1	763.37538421155	1	1	260.604710717482
ECE1	1	1	192.746862662637	284.390522572691	1
ECHDC2	1	771.545957521547	90.0466207766618	1	137.625300156984
ECHS1	1	697.089006675795	146.395700284305	1	92.5080789619808
ECI2	1	325.134351375123	1	1	1
ECSCR.1	1	1	1	731.649171567211	1
EDN1	1	1	1	351.900863539802	541.224454601316
EDNRA	1	1	130.818616297016	1	1
EDNRB	1	1	208.277327797361	695.004421087079	1
EEPD1	1	1	1	1	116.931643506203
EFHD1	1	1	149.947058293083	1	1
EFNA1	1	406.071691804854	1	473.539920005468	180.978586017867
EFNB2	1	1	1	614.862790979809	1
EGFL7	1	1	1	1129.49781513282	1
EHD2	1	1	346.15566250366	1	1
EHD4	1	1	1	1	273.654182344446
EHF	1	1	1	1	317.755048081516
EIF1AY	1	1	1	1	176.199350716237
EIF2A	1	1	176.792727667569	1	1
EIF2S1	1	1	139.720353312631	1	1
EIF2S3	209.943594064224	1	204.305561420116	1	1
EIF4E	241.774318393416	1	168.988637000202	1	314.751071596815
EIF4E2	1	174.18058184946	124.170710110552	1	1
EIF4H	1	186.376991576332	250.069302672303	1	227.143726462742
EIF5A	221.375789148289	289.958986383152	223.597640654542	1	1
EIF6	1	475.201348969385	184.762492994247	1	232.987379000669
ELF1	1000.84020397531	1	1	391.609557737514	242.369859059942
ELF2	1	1	79.1922838698669	1	385.032325297123
ELF3	1	376.074403294329	1	1	1428.6310043866
ELK3	1	1	1	354.421344637191	1
ELK4	1	1	1	1	145.394945328854
ELL2	1	1	1	1	115.295968342364
ELOF1	1	1	207.909899332949	1	1
ELOVL5	234.943244662747	1	189.616795561086	1	1
EMB	289.651063623697	1	1	1	1
EMC2	1	1	219.237874990938	1	1
EMC3	1	228.018312540487	150.02132902108	1	75.1770185299631
EMC7	199.219565330421	213.267951624309	236.52648655808	1	1
EMCN	1	1	1	924.44104707931	1
EML4	533.295863236278	1	1	1	90.3475615160587
EMP1	1	1	142.654311771397	1338.3329309349	168.421063820657
EMP2	1	1	218.76140591665	396.628696698098	1
EMP3	669.088304402856	1	338.921712443268	424.644422259428	1
ENAH	1	1	152.496043070333	1	373.412630972205
ENG	1	1	143.95490479824	1056.39158886007	1
ENPEP	1	1	314.925992553719	1	1
ENTPD1	1	1	190.739213696504	1	1
EPAS1	1	1	626.290010577904	1290.17414469762	1
EPB41L2	1	1	152.9259485105	1	1
EPB41L4A	1	1	1	1	158.013866525103
EPC1	298.021411950158	1	234.863369610953	1	309.813209913868
EPCAM	1	1	1	1	339.044219895401
EPHX1	1	718.817328365254	255.559984396311	1	1
EPHX2	1	213.204499406319	1	1	1
EPSTI1	226.543357311039	1	1	294.812109487445	1
ERBB3	1	1	1	1	160.885079395593
ERCC1	1	1	165.715350234811	1	1
ERG	1	1	1	268.617773767918	1
ERICH5	1	1	1	1	130.981001566434
ERLEC1	1	1	207.821931783596	252.651425525491	263.844595961707
ERO1A	1	1	1	1	177.895120626186
ERRFI1	1	1	1	1	592.945776167229
ESAM	1	1	243.127885914444	761.820380396819	1
ESF1	1	1	173.956557649722	1	534.358259756344
ESM1	1	1	1	482.741954847267	1
ETF1	1	1	144.412480716707	1	1
ETFA	1	412.987174568311	167.53259393984	1	70.7286343697769
ETFB	1	903.452796353677	279.202389148748	1	422.754917199642
ETS1	330.079534579195	1	1	349.360021642402	1
ETS2	1	1	1	510.361173650461	317.703970471657
EVI2A	320.498956660016	1	1	1	1
EVI2B	383.822921432345	1	1	1	1
EVL	654.459687431814	1	1	1	1
EWSR1	224.002368382554	1	159.205150871885	1	316.833393550585
EZR	724.879375995059	1	170.946575614653	1	909.207759300292
F10	1	277.742360623782	114.508096455912	1	1
F12	1	439.044795366998	1	1	1
F2	1	720.411397636069	1	1	1
F2RL1	1	1	1	1	314.780690564771
F3	1	1	1	1	666.021425585234
F8	1	1	1	302.399277120346	1
FABP1	1	3883.50461251514	1	1	1
FABP4	1	1	367.941738628301	683.736060888104	1
FABP5	280.357962215576	1	336.43281410681	473.733042440849	1
FAF2	1	1	1	1	86.051415188425
FAH	1	369.854881501959	1	1	1
FAIM	1	1	1	1	100.146947963075
FAM102A	1	1	1	1	239.220332133228
FAM107A	1	1	1	455.533907958006	1
FAM107B	236.462339895529	1	167.670538399176	1	156.839144930122
FAM118A	279.277889001462	1	290.452043156082	1	1
FAM120A	1	1	152.627283870918	1	1
FAM127A	1	1	244.852039994087	1	1
FAM129A	1	1	241.920460843418	1	1
FAM134B	1	1	1	1	270.655471096565
FAM13C	1	1	226.880034124384	1	1
FAM162A	1	504.613223094185	214.54570769952	1	133.08841135117
FAM167B	1	1	1	318.064521113685	1
FAM171A1	1	1	1	1	131.384121865153
FAM174A	1	1	1	1	122.278928943701
FAM195B	1	1	208.455094343673	1	1
FAM198B	1	1	1	361.279624550135	1
FAM200B	1	1	138.864084119844	1	1
FAM204A	1	1	242.996382864272	1	1
FAM213A	1	245.474822493601	116.564585585125	1	63.3198389106502
FAM32A	1	1	169.046545375813	1	1
FAM3B	1	1	1	1	137.056116650087
FAM3C	1	1	173.663786848834	1	1
FAM3D	1	1	1	1	140.485334541825
FAM45A	1	338.856032210517	1	1	1
FAM46A	1	1	157.862733697188	1	458.45993485406
FAM46C	376.793238524502	1	1	1	1
FAM49B	410.19330664879	1	1	1	1
FAM63B	1	1	143.278212878753	1	1
FAM96A	1	379.088553573165	1	1	153.705203641564
FBL	260.359265689888	222.37651038585	308.394555189885	1	1
FBLIM1	1	1	204.646251215935	1	1
FBLN2	1	1	1	319.436724459265	1
FBP1	1	374.433979941775	1	1	1
FCER1G	509.37304469663	1	1	1	1
FCN3	1	1	1	1028.61721091011	1
FDFT1	1	1	1	1	391.51135864907
FERMT2	1	1	178.868484755871	1	1
FEZ2	1	1	1	302.887732285109	1
FGA	1	1344.71006338189	1	1	1
FGB	1	2106.62767249769	1	1	1
FGD4	1	1	1	1	312.269129195374
FGF19	1	1	1	1	508.918661574248
FGFR1OP2	297.652580918544	1	128.013171209585	1	1
FGG	1	2365.27477542062	1	1	220.060704645757
FGGY	1	270.175379508191	1	1	644.797130270051
FGL1	1	1149.87687206364	1	1	1
FH	1	212.93221607986	87.1526753258996	1	1
FHIT	1	1	1	1	108.192679705583
FHL1	1	1	258.380809955409	1	1
FIBP	1	1	166.709647274884	1	1
FILIP1	1	1	263.850318435165	402.394774612988	1
FKBP10	1	1	132.585273800921	1	1
FKBP11	381.965172585311	228.139042600196	1	1	1
FKBP1A	377.887906171436	308.571691268629	545.733123916186	1689.22134174678	285.367061528713
FKBP3	1	353.508603569284	214.440560044767	1	130.524947442245
FKBP5	241.40711715928	1	175.475003169802	1	1
FLII	1	1	1	1	102.498154525319
FLNA	1	1	634.646116515689	1	1
FLNB	1	1	1	224.982057473324	1
FLOT1	1	1	199.064880834064	322.497582238889	181.279314155502
FLT1	1	1	1	897.43817993596	1
FLYWCH2	1	1	191.104897347018	1	1
FMO3	1	1	139.468671226625	1	1
FN1	1	574.09925137196	735.461081706932	534.927774245577	1
FNBP1	469.545568622338	1	1	1	1
FNBP1L	1	1	1	1	282.600535081329
FNIP2	1	1	1	237.957662770574	1
FOLR1	1	1	1	1	245.937953605101
FOSL1	1	1	1	1	156.708625254464
FOSL2	343.418744558583	1	185.550174559205	347.36518049604	1
FOXS1	1	1	274.60650015081	1	1
FRMD4B	1	1	1	274.470444740434	443.18046300979
FRMD8	1	1	1	1	96.9398232292187
FRZB	1	1	1062.26879925254	1	1
FSTL1	1	1	210.275802289561	1	1
FUBP1	1	1	1	1	174.477457975685
FUNDC2	1	203.065896833243	276.645260004977	1	1
FUOM	1	406.080129934659	1	1	1
FXYD1	1	833.731862608564	578.907212681304	1	1
FXYD2	1	1	1	1	1289.30325418962
FXYD3	1	1	1	1	950.035123002313
FXYD6	1	1	254.553823833384	332.303718668065	1
FYB	665.643732150412	1	1	1	1
FYN	511.280486634417	1	1	1	1
FYTTD1	1	1	124.825252243024	1	1
G0S2	1	736.322398141084	1	1	1
G3BP1	1	1	156.119359650375	1	1
G3BP2	403.833651289369	1	1	1	1
GADD45A	1	1	1	1	378.194743852371
GADD45G	1	425.436392567184	1	1	1
GADD45GIP1	1	1	1	1	171.890110218516
GALK1	1	345.619923234718	1	1	1
GALT	1	321.73291123715	1	1	1
GAMT	1	405.720225253838	1	1	90.8993122849491
GATM	1	615.884929763224	1	1	878.564385206268
GBP2	267.076867694324	1	250.094565735158	1	1
GBP4	1	1	1	367.420842427638	1
GC	1	2240.13272479194	1	1	1080.22024606932
GCHFR	1	506.406908382771	1	1	114.532928615653
GCLC	1	1	1	1	215.184531745883
GDF15	1	1	1	1	554.365896955567
GDI1	1	1	137.611516962984	1	1
GFPT1	1	1	1	1	281.690009237098
GGCT	1	224.440284805276	165.94624762842	1	1
GGH	1	537.895010701244	1	1	1
GGNBP2	233.064103360488	1	217.957563432092	1	121.679769664379
GGPS1	1	1	166.310583097263	1	1
GIMAP1	1	1	1	241.485442192265	1
GIMAP4	268.745879375586	1	1	586.878215376207	1
GIMAP7	394.102005278351	1	1	1139.9854524322	1
GJA1	1	1	1	592.066015923709	1
GJA4	1	1	541.583268126601	306.674877064368	1
GJB1	1	307.7737543633	1	1	1
GJC1	1	1	141.429295929673	1	1
GLG1	1	1	159.64477498583	1	1
GLIPR1	462.757279138525	1	146.986508136344	1	1
GLIPR2	1	1	136.779927458138	1	1
GLIS3	1	1	1	1	110.173824924252
GLO1	1	228.672617319098	184.842187822931	1	167.353188481012
GLOD4	1	1	1	1	371.647919379339
GLRX	250.847078870487	298.256206362131	126.859909058803	1	1
GLTSCR2	235.069578582024	1	1	1	1
GLYCTK	1	508.485886778281	1	1	1
GMFG	1028.4542192017	1	1	565.167865609987	1
GMNN	1	186.145966219936	1	1	360.135280110114
GNAI2	1	1	92.6086240486918	590.214918518469	1
GNAQ	1	1	1	361.619596440656	357.700086613638
GNB1	1	1	176.72032784086	293.056737772553	1
GNG11	1	1	415.803124582361	2572.37750429455	1
GNG12	1	1	144.318129919009	1	1
GNG2	360.421561382967	1	1	1	1
GNL3	1	1	127.402456079545	1	1
GNLY	950.341643398684	1	1	1	1
GNMT	1	316.233008102959	1	1	1
GOLGA4	1	287.427236186194	253.36921820503	1	120.286442551001
GOLGA7	1	1	139.655136785598	1	1
GOLGB1	1	1	189.671866870384	238.38877189585	215.115316552733
GOLIM4	1	1	143.880219880448	1	427.345287716049
GOLM1	1	1	1	1	327.120280012448
GOT1	1	313.555217731277	1	1	87.8752154496487
GPAT2	1	1	141.18423881094	1	1
GPAT3	1	1	1	1	84.9996273954854
GPBAR1	1	1	113.655743369166	1	1
GPBP1L1	1	1	1	1	336.808869612041
GPC3	1	312.138503324312	1	1	1
GPR108	1	1	1	1	203.417782964422
GPR160	1	1	1	1	109.043121658538
GPR171	436.61927137283	1	1	1	1
GPR183	602.810981726846	1	1	1	1
GPR20	1	1	124.984260278338	1	1
GPR4	1	1	277.057814217675	1	1
GPR65	516.233748777035	1	1	1	1
GPRC5A	1	1	167.695116613287	1	337.524278721887
GPRC5C	1	1	385.347872766705	1	1
GPSM3	601.911073518519	1	1	1	1
GPX2	1	1	1	1	1159.21349876651
GRB10	1	1	1	320.038675884736	1
GRB7	1	1	1	1	138.004954430899
GRHPR	1	443.673188415442	190.680356598386	1	145.851736240349
GSDMD	1	193.313387572808	95.9669555739733	1	1
GSN	1	1	746.297756472921	1145.21315719337	118.452860437023
GSTA1	1	2436.60007833719	1	1	553.371918351298
GSTA2	1	794.412175596078	1	1	1
GTF2B	265.378373379101	1	113.408381044259	1	279.5253714404
GTF2F1	1	1	170.157091615488	1	1
GTF2H5	1	367.815379520427	263.161804251633	1	472.84510918757
GTF2I	1	306.690979683399	104.027842355472	1	1
GTF3A	211.044643850638	1	1	1	1
GTF3C6	1	294.589157374727	244.666067506528	1	322.488927855292
GTSF1	1	242.04156165907	1	1	1
GUCD1	1	1	1	1	106.724558969869
GUCY1A2	1	1	132.123031751936	1	1
GUCY1A3	1	1	179.910480261972	1	1
GUCY1B3	1	1	194.042169522454	1	1
GYG1	1	1	153.770548725875	1	1
GYPC	474.722807647771	1	144.821954980765	352.797171659228	1
GZMA	1213.6564131645	1	1	1	1
GZMB	823.236744558468	1	1	1	1
GZMH	656.700467133741	1	1	1	1
GZMK	836.609778569522	1	1	1	1
GZMM	454.135535572959	1	1	1	1
H1F0	1	259.819171557915	292.442006597651	1	203.790448494115
H2AFJ	1	467.265315665431	637.327060658946	1	443.722093163927
H2AFV	210.307853939512	218.702399443915	133.387531051466	1	1
H2AFY	1	1	110.935331906618	1	451.72412835994
HACD3	1	181.503950971329	1	1	1
HADHB	1	210.897859707173	177.991240304496	1	192.095837692189
HBEGF	1	1	1	368.177539271514	300.548548155215
HBP1	213.458713586741	1	128.22831340866	1	1
HCFC1R1	1	1	823.973580782148	1	1
HCLS1	292.716506498934	1	1	1	1
HCST	1453.02475352272	1	1	1	1
HDAC1	1	1	86.5145561290373	1	302.008313837369
HDAC2	1	1	162.292163284335	1	1
HDAC7	1	1	1	271.134959274365	1
HDGF	1	1	1	1	126.061452356187
HDHD3	1	1	1	1	90.8993122849491
HDLBP	1	1	196.404190123581	1	1
HEBP1	1	1	1	1	131.599634286258
HECTD1	1	1	1	1	59.5445903629524
HEG1	1	1	1	287.761028485949	1
HES1	1	460.405764785165	658.760549107701	2414.35037466436	1443.58675078866
HEXB	1	1	1	1	121.084744971098
HEXIM1	1	1	145.779647358723	1	1
HEY1	1	1	1	235.495379616568	1
HEYL	1	1	282.130106556554	1	1
HGD	1	439.757443083483	1	1	1
HGF	1	189.307507249297	1	1	1
HIF1A	1	1	314.266183152103	308.085881821429	235.897596084465
HIGD1A	1	303.747138585997	156.443448725529	1	184.648589881921
HIGD1B	1	1	328.520589435366	1	1
HINT2	1	446.551791196859	1	1	348.724312302985
HIP1	1	1	133.522011063569	1	1
HIST1H1C	1	779.63861017319	107.676506553094	1	1
HIST1H2AC	1	1	1	1	186.946782684714
HLA.DMA	296.643461149298	1	1	343.91555060762	357.580773002814
HLA.DPA1	862.616848243617	1	1	710.213150370221	297.346802165477
HLA.DPB1	1070.21722569921	1	138.806420871926	628.013997389581	260.602976949732
HLA.DQA1	404.199185394734	1	1	1	1
HLA.DQA2	220.432320844031	1	1	1	1
HLA.DQB1	448.199475981676	1	1	405.673698248414	76.2501757749599
HLA.DRB1	974.178063019708	1	1	1864.10144617858	408.68583583033
HLA.DRB5	538.695984343688	1	1	738.872038275067	349.650285300718
HLA.E	2247.12952298389	364.856196788769	680.285184297802	3096.4860328622	364.971410273679
HM13	1	262.307860250704	118.127133412828	1	1
HMGA1	1	1	1	1	449.468093009841
HMGCS1	1	470.952043619781	1	1	622.518268590002
HMGCS2	1	723.923203297856	1	1	1
HMGN1	433.490593604161	268.271971595073	1	1	409.690886250015
HNMT	1	1	1	1	431.314605304034
HNRNPD	1	1	158.815447751362	1	1
HNRNPUL1	334.117998940151	1	121.515975646943	1	274.269693527425
HOMER2	1	1	1	1	522.219855883666
HOOK2	1	1	1	1	151.5503195996
HOPX	308.915138016667	1	1	1	1
HP	1	2760.3580453649	1	1	1
HPD	1	1087.58839492968	1	1	1
HPN	1	288.424879547449	1	1	1
HPX	1	1097.08178419902	1	1	1
HRG	1	861.71772753448	1	1	1
HRSP12	1	511.035770718938	1	1	68.1275357478126
HS3ST1	1	1	1	1	282.542217974019
HSD17B10	1	537.829446116903	193.195218703946	1	79.8006562010976
HSD17B12	1	1	172.407198322009	1	1
HSD17B2	1	1	1	1	165.86148681396
HSD17B6	1	977.165042508888	1	1	1
HSDL2	1	1	171.470337585481	1	1
HSPA2	1	1	168.585743039665	1	1
HSPA4	1	1	134.393869264278	1	1
HSPB2	1	1	144.328456667972	1	1
HSPB6	1	1	176.729987849023	1	1
HSPB8	1	1	191.26720657985	1	1
HSPG2	1	1	1	1096.21258005239	1
HTATIP2	1	1	1	1	144.378882537407
HULC	1	883.801699808264	1	1	1
HYAL2	1	1	1	907.025869132351	1
IAH1	1	1	239.536832304979	1	1
ICAM1	1	1	1	516.71821028778	1
ICAM2	1	1	1	726.282787728376	1
ICAM3	388.784319494419	1	1	1	1
ID1	1	1	1	544.448718869836	310.819838697868
ID3	1	1	1303.74713991215	1594.14250214894	1
ID4	1	1	133.407145791377	1	1
IDH1	1	273.010788715341	1	1	1
IDH3B	1	1	117.547504009148	1	283.13002751602
IDH3G	1	1	185.552470271944	1	1
IDI1	465.937247737969	311.331859793985	1	1	729.042218385932
IDS	588.182619936915	1	164.910187366379	1	1
IER5	1	1	195.917822082039	1	1
IFI16	612.089389850562	1	394.254847080567	763.784600989057	1
IFI44L	1	1	1	607.948831144477	457.113340367563
IFITM1	1	1	155.120754257535	475.366102946786	1
IFNAR1	1	1	1	1	186.172711998872
IFNG	333.71929034955	1	1	1	1
IFNGR1	302.012269990527	1	97.0397911222735	279.986800710811	1
IFT172	1	1	1	1	350.964159391117
IFT20	1	1	145.058480453597	1	1
IGBP1	194.89625651992	1	203.452996977819	1	1
IGF2BP2	1	1	1	1	129.295644037712
IGFBP1	1	373.340606720018	1	1	1
IGFBP3	1	1	1	606.68760764805	1
IGFBP4	1	244.230453862581	559.806688001751	754.522019310501	1
IGFBP5	1	1	1217.65597820777	1	1
IGFBP6	1	1	263.344870596299	1	1
IGFBP7	1	1	1390.32322979855	1908.74626427279	1
IGHG3	457.8972119231	1	1	1	1
IGHG4	686.851928077737	1	1	1	1
IGLC2	631.148404916599	1050.58838623207	1	297.915953246188	1
IKZF3	212.900529158489	1	1	1	1
IL10RA	208.235452883044	1	1	1	1
IL18	1	1	1	1	285.267598636897
IL2RG	737.470824912721	1	1	1	1
IL33	1	1	114.775542044707	410.444216404249	1
IL3RA	1	1	1	222.099262534559	1
IL6ST	1	1	177.047375087466	651.287512533747	126.789075942766
IL7R	958.517440204629	1	1	1	1
ILF2	226.966293485611	211.232332323882	201.796372376534	1	1
ILF3.AS1	1	1	129.692303689176	1	1
IMPDH2	1	1	203.141371281232	1	1
INO80C	1	1	1	1	190.231444429562
INSIG1	1	712.737027518465	1	256.116186076084	183.83400577146
INSIG2	1	1	1	1	124.852679383134
INSR	1	1	90.7052388305471	1005.17654784838	207.979848931506
IRF2BP2	1	1	114.190816802952	1	292.58990497755
IRF3	1	1	130.283475277171	1	1
IRF6	1	1	1	1	120.650823975781
ISCA1	215.421174229004	1	162.543775970762	1	1
ISG20	1216.06039446061	1	1	280.195947344116	1088.32074334246
ISOC2	1	343.137547857887	110.864367814436	1	1
ISYNA1	1	1	508.268421309446	1	1
ITGA1	1	1	229.712613294531	1	1
ITGA2	1	1	1	1	259.141964424174
ITGA5	1	1	1	281.996547652177	1
ITGA6	1	1	1	425.467017079898	1
ITGA7	1	1	233.411346749093	1	1
ITGB1BP1	1	1	232.860094933915	1	1
ITGB2	599.234347744066	1	1	1	1
ITIH1	1	643.40879612735	1	1	1
ITIH2	1	353.523600797335	1	1	1
ITIH3	1	901.870245473939	1	1	1
ITM2A	733.235916542146	214.698140818593	1	456.429633984078	1
ITM2C	1	1	214.662343369048	1	1
ITPA	1	1	153.930072543868	1	1
ITPKC	1	1	1	1	114.25183091088
ITPRIP	1	1	1	256.096028271275	1
IVNS1ABP	256.071966496146	1	1	657.443598222676	195.232510746721
JAG1	1	1	416.053615228981	266.278782194127	1
JAK1	233.904330181404	1	132.307529989208	1	90.8043791526473
JAM2	1	1	1	334.877109827541	1
JAML	246.333436779787	1	1	1	1
JMJD1C	308.184039006661	1	126.910931770151	724.84278573625	215.579663642443
JMJD6	235.6078096037	1	154.813157087583	1	1
JPX	1	1	127.135650896918	1	1
KANK2	1	1	315.342438098233	1	1
KATNBL1	1	1	1	1	153.879405700077
KCNE4	1	1	213.26546558606	1	1
KCNJ15	1	1	1	1	195.513878112484
KCNJ8	1	1	148.294064553688	1	1
KCNK1	1	1	1	1	421.368033254746
KCNMB1	1	1	172.098725868205	1	1
KCNQ1OT1	1	287.91315930514	255.947085659242	1	307.70861027771
KCTD12	1	1	1	382.7683332169	1
KDELR1	1	280.191280987117	220.324411430514	1	427.275172000265
KDELR2	1	1	134.867864877232	1	1
KDM6B	223.969882482799	1	1	1	179.728883228392
KDR	1	1	1	556.784073535698	1
KHDRBS1	1	1	146.58748613245	1	1
KHK	1	452.429277718012	1	1	1
KIAA0040	1	1	193.199309989347	1	1
KIAA0355	1	1	1	429.777502192998	1
KIAA1551	206.685670792729	1	1	1	1
KIAA2026	1	1	1	1	113.128730226413
KIF12	1	1	1	1	331.560203178008
KIF22	1	385.420800903656	1	1	1
KLF2	1	1	1	636.029411722195	372.496276795817
KLF3	1	1	1	1	173.454470000625
KLF4	1	1	270.659771159871	524.240319318353	1
KLF5	1	1	1	1	451.279773921616
KLF9	1	1	270.903930141786	277.289255093745	1
KLHDC8B	1	1	132.583445092189	1	1
KLHL23	1	1	247.824944912602	1	1
KLK11	1	1	1	1	128.058209181992
KLRB1	1386.95433645871	1	1	1	1
KLRD1	725.52216275823	1	1	1	1
KMT2E	597.32740847607	1	409.191442401143	539.638312234059	1
KNG1	1	1955.65749448561	1	1	1
KNOP1	1	1	170.121055466712	1	1
KPNA2	218.760266008834	1	1	1	1
KPNA6	1	1	141.294493977411	1	1
KRR1	1	1	136.953659677351	1	1
KRT10	1	1	1	1	95.1288666068537
KRT18	1	1245.52293692702	265.000727513729	1	2120.97234149102
KRT19	1	1	1	1	2455.81736563391
KRT7	1	1	1	1	582.979057671073
KRT8	1	1036.54392859271	159.95526230095	1	2944.62158385352
KRTCAP3	1	1	1	1	260.900512697992
KTN1	1	1	255.213421580463	439.188573238874	251.398611515166
KXD1	1	1	139.066608997891	1	1
LAD1	1	1	1	1	166.702241836158
LAMA4	1	1	201.919797245098	325.763842939965	1
LAMA5	1	1	203.931508779401	1	1
LAMB2	1	1	243.418551440982	1	1
LAMC1	1	1	231.926575693548	1	1
LAMC2	1	1	1	1	219.853020257568
LAMP1	1	1	1	264.079815917204	1
LAMP2	1	280.430410269851	120.692700486517	1	433.210700397638
LAP3	1	1	144.32437107201	510.216850023706	1
LAPTM5	890.118973434487	1	1	1	1
LAT	265.811226433731	1	1	1	1
LCK	473.510556679025	1	1	1	1
LCN2	1	242.357771450351	1	1	1043.33993687614
LCP1	443.772660522848	1	1	1	1
LDB2	1	1	1	819.271829152775	1
LDLR	1	1	1	323.3027228476	760.031436909311
LDOC1	1	1	161.389624745207	1	1
LEAP2	1	1031.17008196014	1	1	1
LEPROT	1	1	501.714348416125	601.12336507859	359.670077414048
LEPROTL1	928.874505158206	1	131.213433868892	300.739791481304	348.563111351545
LGALS2	1	1	1	1	1532.22624023886
LGALS3BP	1	1	524.588098223411	1	355.796794517572
LGALS4	1	1210.30553339689	1	1	1273.40835442917
LGI4	1	1	215.05785265595	1	1
LGMN	1	1	186.906912963654	1	1
LHFP	1	1	577.815051005101	1	1
LIF	1	1	1	1	162.200730096181
LIFR	1	1	1	287.775333462276	1
LIMA1	1	1	184.462957891127	491.334731433924	1
LIMCH1	1	1	1	376.801410955728	1
LIMD2	506.899375361048	1	1	1	1
LIMS1	202.7641355377	1	214.560468268898	262.7897827193	1
LIMS2	1	1	1	233.880520693166	1
LINC.PINT	225.61720376433	1	1	1	1
LINC01207	1	1	1	1	367.241062662497
LIPH	1	1	1	1	289.147156265583
LMAN1	1	184.660359713935	168.771314099057	1	294.029702912226
LMBRD1	1	1	1	1	222.27195508545
LMCD1	1	1	1	312.781064852905	1
LMO7	1	1	1	1	393.959502938857
LMOD1	1	1	379.271154257191	1	1
LPAR6	1	1	1	542.355090630582	1
LPIN1	1	1	1	1	238.088447716728
LPIN2	1	1	1	1	392.281589886614
LPXN	205.210120290284	1	1	1	1
LRG1	1	208.093132325465	1	1	1
LRRC32	1	1	196.683151435993	334.954710463164	1
LSM1	1	1	147.052277288977	1	1
LSM10	1	1	147.478349952185	1	1
LSM14A	212.71519416086	1	203.361260652387	1	1
LSM2	1	257.705723220889	191.445056166211	1	1
LSM4	1	310.296397202586	93.2010502796957	1	112.609926353296
LSP1	690.750602456664	1	1	1	1
LSR	1	1	1	1	241.435399677077
LST1	279.256849492859	1	1	1	1
LTB	632.824477413128	1	1	1	1
LTBP1	1	1	339.911904598479	1	1
LUC7L2	1	1	162.425772320969	1	1
LUM	1	1	306.300389652402	1	1
LURAP1L	1	1	1	1	366.175173419005
LUZP1	1	1	112.785831832238	379.28016898207	1
LYAR	337.57626985903	1	1	1	1
LYPD6B	1	1	1	1	240.44165084913
LYST	334.862251147125	1	1	1	1
LYZ	1	224.665201386218	1	1	1484.71246441127
M6PR	194.794126130963	1	111.060914721715	1	129.329828928258
MACF1	1	1	184.34218133067	291.904623018942	182.592730267887
MAF	248.550032837162	1	1	1	1
MAFF	1	1	1	1	279.479854003445
MAGED2	1	1	363.729726536005	1	1
MAGEH1	1	1	169.029629244879	1	1
MAGI1	1	1	1	1	395.843237033726
MAL2	1	1	1	1	182.592730267887
MAP1B	1	1	746.295154535515	1	1
MAP2K3	1	1	1	1	178.817673816315
MAP3K7CL	1	1	557.85338768142	1	1
MAP4K4	1	1	1	1	158.610892918451
MAP7D3	1	1	186.874427761476	1	1
MAPRE1	201.593017634754	1	213.499815449142	1	1
MAPRE2	1	1	219.834945965502	1	1
MARCKS	1	1	124.155268926483	258.010309915778	1
MARCKSL1	1	1	1	1	326.548987073347
MASP2	1	327.915773895629	1	1	1
MAST4	1	1	1	457.999304740073	1
MAT1A	1	525.449121941594	1	1	1
MBNL1	420.501837504715	1	236.967394715766	304.00177417888	1
MCAM	1	1	556.520120330903	1	1
MCFD2	1	1	166.704909346149	1	1
MCTS1	1	205.97221603938	194.718247940547	1	116.507497857524
MDH2	257.382867289872	439.675389079811	200.632416666529	1	1
MDM4	1	1	179.932546387931	280.308745724677	1
MEA1	1	270.621560130779	145.957822152172	1	1
MEAF6	290.509291676637	1	230.946782053562	1	316.684250252237
MECOM	1	1	1	400.010981608421	1
MECP2	258.720320788557	1	230.416606659053	1	344.86832285507
MED19	1	1	161.185855817314	1	339.009839709074
MED28	231.430622260306	1	88.5046221066115	1	1
MED30	1	1	1	1	145.390327893834
MEF2A	1	1	1	230.434098903658	1
MEF2C	1	1	747.329278158177	1243.88177193881	1
MEIS2	1	1	143.783475034562	321.643026004331	291.127544376879
METTL15	1	1	1	1	224.621770454375
METTL5	1	1	166.388722462544	1	1
METTL7A	1	322.0756754128	1	1	256.637167531261
MFAP4	1	1	392.874412882987	1	1
MFF	1	1	159.920208090485	1	1
MFGE8	1	1	794.709421587805	1	1
MGEA5	252.218635235336	1	163.677128607658	1	1
MGP	1	1	1782.1009132027	2135.28740891879	1
MGST1	1	2256.17392306564	1	1	1007.25748879744
MID1IP1	1	175.181896462341	1	1	1
MIEN1	1	340.449925570967	206.423097321456	1	275.317211035466
MIR22HG	1	1	106.348568380781	1	324.349732635839
MIR4435.2HG	1	1	245.269009439554	366.268232538645	258.659980150917
MIR4458HG	1	1	136.914296092779	1	1
MISP	1	1	1	1	105.403734309711
MKKS	1	314.432013171925	182.716890568244	1	258.504637390857
MKLN1	1	1	1	1	108.628561012266
MKNK2	1	1	159.038962236628	1	1
MLF2	1	375.27159248315	249.080565033652	1	1
MLPH	1	1	1	1	163.304244248402
MLXIP	1	1	1	1	147.142386815287
MLXIPL	1	938.507636127971	1	1	1
MMADHC	207.447246582057	1	188.107820163778	1	188.782632063482
MMP1	1	1	1	1	277.797089590206
MMP7	1	1	1	1	1119.55077581978
MMRN2	1	1	1	473.634918826226	1
MOB1A	278.401554973547	1	112.309621828546	1	1
MOB2	1	1	167.937630945844	1	1
MOB4	246.91892307267	1	182.124790159556	1	1
MOCS2	1	1	132.274355784647	1	1
MORN2	1	1	1	1	97.6925874985844
MPC2	248.069213222097	1184.018143807	237.756587472164	1	674.926503568078
MPG	1	1	154.80144379359	1	1
MPLKIP	1	341.901671285903	146.627125304972	1	1
MPRIP	1	1	225.112332236492	1	1
MPST	1	357.869329263776	1	1	1
MPZL2	1	1	1	1	230.112526689877
MRGPRF	1	1	152.690665179284	1	1
MRPL11	1	1	167.750462564427	1	1
MRPL12	1	388.813539242384	88.2132467796053	1	1
MRPL13	1	214.960328069938	141.08866391578	1	339.554236553154
MRPL14	1	447.534305244151	166.26438636157	1	67.52072259405
MRPL17	1	1	1	257.632220421072	1
MRPL2	1	198.372978601838	99.5168566885212	1	1
MRPL21	1	251.522517085204	194.063840500407	1	106.74256671389
MRPL22	1	249.527351769416	262.196088348166	1	85.366790171949
MRPL24	1	296.621879293812	204.370659557598	1	1
MRPL27	1	397.369638075447	232.328113177292	1	167.484956476023
MRPL34	1	342.082650090325	318.4068010503	1	1
MRPL36	1	249.859511913934	209.167634656099	1	183.669431925951
MRPL37	1	1	1	1	80.8243079949982
MRPL4	1	219.488372684881	82.9584733489251	1	1
MRPL40	1	351.550419067415	183.251070755729	1	81.9108696533685
MRPL41	205.752823087799	369.91990292472	1	1	321.455040299835
MRPL42	1	1	143.531760853102	1	1
MRPL47	1	233.898952282254	200.531533034703	1	1
MRPL55	1	466.082525861008	259.063398743005	1	1
MRPS10	1	219.256285399788	181.504840007328	1	1
MRPS11	1	1	1	1	279.419202032607
MRPS12	1	309.779790458082	1	1	1
MRPS15	1	361.85375475301	167.826719105365	1	1
MRPS16	1	254.135899032699	137.326044301435	1	1
MRPS18A	1	1	133.682990310093	1	1
MRPS18B	1	190.577792438113	147.934563017473	1	1
MRPS18C	1	256.616185884187	167.62449695142	1	97.2489224447891
MRPS33	1	292.330001547895	104.575936992058	1	143.872240996714
MRPS36	1	270.181310233011	275.544706299856	1	401.888190195314
MRPS6	250.391429384735	200.317374301414	253.863297263719	1	1
MRPS7	1	283.06375121315	195.682870465984	1	1
MRVI1	1	1	204.530177193097	1	1
MSI2	1	1	1	1	380.855928744644
MSLN	1	1	1	1	331.959446160879
MSMO1	1	354.695604856519	1	1	571.717558772927
MSN	324.656487276364	1	269.784585172506	517.675103223763	1
MSRB3	1	1	371.034497225192	1	1
MST1	1	550.457286177537	1	1	1
MT1A	1	1	455.469298227686	1	1
MT1F	1	1	1	1	342.247532583651
MT1G	1	706.131331597117	1	1	1
MTCH2	1	438.768126210296	129.753761588095	1	1
MTDH	213.417329375872	1	131.176481777309	1	315.911358463563
MTHFD2	1	1	281.663903291897	1	1
MTHFD2L	1	1	1	1	80.4416217582484
MTHFS	1	319.866263245554	1	1	1
MTMR11	1	1	1	1	168.521971431297
MTRNR2L12	1	1	149.92477482099	1	1
MTRNR2L8	1	1	229.808222729694	1	1
MTUS1	1	1	203.995092076523	683.528080689409	1
MTX1	1	189.877299181102	1	1	1
MUC1	1	1	1	1	690.983589289729
MUC5B	1	1	1	1	393.8681012919
MUM1	1	1	133.761348041992	1	1
MVD	1	1	1	1	195.492015882596
MX1	1	1	1	1	121.255257871065
MYC	1	1	266.749635838074	348.596041667256	1
MYCT1	1	1	1	327.21466149615	1
MYH11	1	1	1450.12223858868	1	1
MYL6B	1	1	155.127568461489	1	1
MYL9	1	1	3002.74228538117	226.822604403959	1
MYLIP	1	1	141.457753838258	1	1
MYLK	1	1	798.258162914686	1	1
MYO1C	1	1	126.279337659815	1	1
MYO1F	227.215646581559	1	1	1	1
MYO6	1	1	1	1	91.7777036953956
MZT2A	192.534194225495	1	1	1	1
MZT2B	234.529430341601	1	1	1	68.8640751108939
NAA10	1	200.686928279903	148.338909611729	317.750547154517	1
NAA20	1	1	209.639939547082	1	1
NAA50	266.999976613218	1	1	1	1
NAB1	1	1	144.285330482503	1	1
NABP1	222.9943691489	1	1	1	1
NANS	1	1	1	1	296.457063745976
NAP1L4	199.648590455569	1	1	1	46.6388924582545
NAPA	1	232.543395305947	231.492617717845	1	129.041959848475
NCOA4	1	1	163.86289093934	1	1
NCOA7	1	1	1	548.776358487767	438.297206424781
NCOR1	214.169333635824	1	1	1	125.763888795211
NDFIP1	1	1	139.449104874881	1	384.858996249606
NDRG1	1	1	1	537.706565439202	1
NDRG2	1	1	489.815678483984	1	1
NDUFA10	1	216.87259033402	198.361056031862	1	1
NDUFA4L2	1	451.972553551679	1564.55861560978	1	1
NDUFA7	1	198.233776624456	1	1	288.729245848453
NDUFA8	1	311.682539941179	234.564166870462	1	103.360015782522
NDUFAF2	1	1	167.973495336576	1	1
NDUFS2	1	336.763906014567	300.951555604594	244.538493195656	1
NDUFS3	1	279.111870702527	261.443354233363	1	51.3813483851508
NDUFV1	1	263.009016836218	185.392595912565	1	184.426381063793
NDUFV3	1	250.736221231761	185.012811008814	1	139.678385984199
NEDD9	1	1	1	514.337352828515	472.405444637325
NELFE	1	241.08166161081	167.118646654722	1	211.136720338539
NEMF	1	1	216.649466972242	1	1
NEURL1B	1	1	206.817327138802	1	1
NEXN	1	1	280.066007879458	1	1
NFASC	1	1	226.639496536125	1	1
NFE2L1	1	1	148.185365692716	1	1
NFIB	1	1	450.336831474828	613.719500164305	226.550790225682
NFIC	1	1	288.33456310104	223.240317237829	187.863826806234
NFKBIA	580.219464881873	1	1	373.380641978297	715.86420554228
NFU1	1	1	187.793821821557	1	1
NGF	1	1	219.806134431961	1	1
NHLRC3	1	1	1	1	161.053245086411
NID1	1	1	164.386718192996	1	1
NIFK	1	1	213.646320633183	1	1
NINJ1	203.16758576163	1	1	1	1
NIT2	1	247.744480775205	1	1	1
NKAP	1	1	148.164429256834	1	1
NKG7	1815.06556375698	1	1	1	1
NMD3	1	1	185.183116312605	1	1
NME1	1	457.20030811989	174.826916832925	1	1
NME3	1	1	242.746805262517	220.781655615628	133.089372415043
NMT1	1	248.50453910619	110.523496022494	1	1
NMT2	1	1	1	1	150.067744281158
NNMT	1	513.540828678175	491.522688921607	497.688657687936	1
NOL7	218.927015410341	1	184.239946303252	1	119.690496033972
NOP56	217.561067568148	1	153.085079695474	1	1
NOP58	333.059926371194	1	167.917184722389	1	307.075972814255
NOSTRIN	1	1	1	383.443671843974	1
NOTCH3	1	1	848.41741759984	1	1
NOTCH4	1	1	1	679.812524348734	1
NPDC1	1	1	1	375.151105522926	1
NQO1	1	1	1	1	560.605982352818
NQO2	1	267.326320037793	203.429803855744	1	1
NR0B2	1	1	1	1	146.591225179829
NR2F2.AS1	1	1	159.115234657935	1	1
NR3C1	356.483984635665	1	123.048885736511	1	1
NR4A2	779.760275639057	1	450.718343945421	347.488919914315	1
NRDC	1	1	131.497766178241	1	1
NRIP2	1	1	188.397033260091	1	1
NRN1	1	1	1	231.164766770797	1
NRP1	1	1	215.112871832852	519.175942412778	1
NRP2	1	1	1	374.41093974345	1
NSMCE1	1	1	208.611898386847	1	1
NSRP1	1	1	283.809087030682	431.111593559554	1
NT5C	1	1	1	1	158.387286391377
NT5C3A	1	1	1	1	509.359666523965
NTMT1	1	1	150.696146911687	1	1
NTRK2	1	1	207.845619292695	1	1
NUB1	1	1	1	1	293.124319760551
NUDT4	1	1	203.980716108481	1	1
NUDT5	1	391.652353973325	1	1	289.040664303932
NUPR1	1	2463.05233673967	864.489148964184	1	1
NUTF2	1	1	239.588836629616	1	1
OARD1	1	217.642488914211	1	1	160.6553343224
OAT	1	1	357.139260690647	1	1
OAZ2	1	1	826.322396797595	403.394860986139	1
OCIAD2	289.023823001183	272.070154601987	1	1	273.517886262214
OCLN	1	1	1	1	196.499513222202
ODF2L	376.638983413846	1	117.2453460225	355.570716358132	1
OFD1	245.511275376587	1	1	1	1
OLA1	1	1	207.722684993437	1	1
OLFML2A	1	1	200.07672323391	1	1
ONECUT2	1	1	1	1	261.891492084818
OPTN	236.072372138042	1	204.830143762396	1	348.459293332405
OR51E1	1	1	123.590008702849	1	1
ORM1	1	4908.52064084514	1	1	1
ORM2	1	2504.19774092638	1	1	1
ORMDL1	235.608985985013	1	171.559741597595	1	1
ORMDL2	1	230.338072699464	88.3107682803922	1	407.384379880969
OS9	1	219.694164402846	193.219352795974	1	1
OSBPL9	1	1	165.782313074088	1	1
OSTF1	296.088874438112	1	131.775536441666	1	123.698082483668
OTC	1	251.543685234514	1	1	1
P4HB	1	987.066414603977	185.220671659286	232.016708909042	350.703217329551
PABPC4	1	1	146.045829697283	1	1
PACSIN2	1	1	176.057432484969	1	1
PAFAH1B2	1	1	1	1	108.511952184766
PAGE2	1	804.268414338029	1	1	1
PAGE5	1	386.284467780658	1	1	1
PAH	1	1	1	1	263.744744898013
PAK1	1	1	1	1	173.381205541072
PALLD	1	1	216.518937539399	1	1
PALMD	1	1	1	840.483059575888	1
PARD6B	1	1	1	1	433.385895260591
PARP1	196.366009358826	1	1	1	1
PARP14	1	1	1	325.11539296331	160.472596106607
PARP8	251.591531269602	1	1	1	1
PARVA	1	1	148.396409282512	1	1
PBDC1	1	1	155.927765106296	1	1
PBX1	1	1	183.222831852288	1	1
PBXIP1	268.147165465722	1	133.709681415978	1	1
PCAT19	1	1	1	679.653170860495	1
PCBD1	1	676.258410476154	178.754029304097	1	195.066965268989
PCDH17	1	1	157.091804226303	391.761560887617	1
PCF11	1	1	134.801370341337	1	1
PCK1	1	635.70228711701	1	1	1
PCLO	1	1	1	1	211.836230932124
PCM1	230.436309527329	1	205.171013956798	1	1
PCMTD1	1	1	189.960321324483	355.021985173005	175.697670356851
PCOLCE	1	1	272.087070661203	1	1
PCSK7	256.181962407831	1	274.88212993849	1	1
PCYOX1	1	1	141.813222597911	1	1
PDAP1	1	247.226833939812	280.151739429727	248.559122948114	1
PDCD10	1	1	155.879784291926	1	1
PDCD4	500.773565425026	1	1	1	1
PDCD6	1	224.905605137965	222.210079891804	1	181.607273570622
PDCL3	193.204604454999	1	141.943715231238	1	1
PDE1A	1	1	182.106881085162	1	1
PDE3A	1	1	130.644677960908	1	1
PDE4B	438.634332691805	1	1	1	1
PDGFRB	1	1	755.977921352361	1	1
PDHB	1	1	143.812516385704	1	1
PDIA4	1	248.411817143523	1	1	435.362995335523
PDK4	1	1	543.032942241023	280.637036187301	1
PDLIM1	1	1	419.294414096625	735.735974915727	341.80611288508
PDLIM2	1	1	207.14914801763	1	1
PDLIM3	1	1	608.016497723088	1	1
PDLIM5	1	1	342.624651859271	252.430008346332	1
PDLIM7	1	1	478.332977730633	1	1
PDZK1IP1	1	1	1	1	577.888249579947
PEA15	1	1	175.494828578832	261.293854158765	1
PECAM1	1	1	1	1357.79928209934	1
PECR	1	1	1	1	178.692476188377
PEG10	1	297.142809046154	1	1	1
PER1	1	1	1	1	109.276791985673
PERP	1	1	1	1	920.875066555437
PFDN1	1	1	177.34509437195	354.010861644651	299.573921090177
PFDN4	1	1	217.946362445641	243.871876862544	1
PFDN6	1	316.060648825386	166.340980808733	1	1
PFKFB3	1	1	1	1	176.357959286677
PGF	1	1	526.499612006846	1	1
PGRMC1	1	346.74044803335	1	1	69.1742133906601
PHACTR2	1	1	158.915654816313	371.870341352098	1
PHB	1	386.185105255337	240.427577058249	1	125.729549658628
PHB2	1	248.464114932341	229.098598019206	1	135.463448565257
PHF14	1	1	238.560378571324	237.307495670921	1
PHF20	268.763884549909	1	122.007956544222	1	1
PHF5A	1	1	180.289041837808	1	1
PHKG1	1	1	1	1	193.631668306142
PHLDA1	1	1	316.912561623086	1	1
PHLDA2	1	1	1	1	335.426012969186
PHLDB1	1	1	210.629740731791	1	1
PHYH	1	656.09768894046	1	1	110.822368886367
PICALM	1	1	1	248.726807478334	234.674374547569
PIGF	1	1	1	1	213.210217845236
PIGR	1	1	1	1	1255.12444998485
PIH1D1	1	1	1	1	198.353331708325
PIK3C2A	1	1	1	341.262521312711	1
PIK3IP1	377.509587663522	1	1	1	1
PIK3R1	544.821684134375	1	1	1	1
PIK3R3	1	1	1	312.658277905357	1
PIM2	216.543027867807	1	1	1	1
PIM3	1	1	1	1	221.426618760746
PIN1	196.573534987634	262.380826328903	256.753950813816	1	1
PIP4K2A	337.526174197987	1	1	1	1
PITPNB	1	1	186.718022037918	1	1
PKIG	1	1	544.456894765305	353.188274896063	1
PLA2G2A	1	1029.02975084326	1	1	1
PLA2G5	1	1	326.864931842841	1	1
PLAC8	365.816263404103	1	1	1	1
PLAC9	1	1	774.782962158709	1	1
PLAT	1	1	181.982455348727	292.485229649935	1
PLAUR	1	1	107.832361873566	1	731.917337067099
PLCE1	1	1	161.869993333307	1	1
PLD3	1	1	158.244898406249	1	1
PLEKHA1	1	1	1	1	145.094274842175
PLEKHA5	1	1	1	1	169.469489810906
PLEKHJ1	1	1	1	1	178.054566990198
PLG	1	292.859948442732	1	1	1
PLK2	1	1	242.454088750541	556.478323486531	187.476874251606
PLLP	1	1	1	1	237.356493741315
PLN	1	1	617.064912298182	1	1
PLP2	335.509603175451	1	475.336433948875	1	1
PLPP1	1	1	177.832882695202	1542.29146134937	213.761646559523
PLPP2	1	1	1	1	507.932595476762
PLPP3	1	1	1	984.750814131403	1
PLS1	1	1	1	1	225.341003266995
PLS3	1	1	360.089748899988	304.560162228799	1
PLSCR1	1	1	144.416925814391	406.164452189187	619.333044507115
PLTP	1	1	154.647811750911	1	1
PLVAP	1	1	1	1652.5614022771	1
PLXND1	1	1	1	293.147396641705	1
PMAIP1	519.318767866801	1	1	1	230.270495450832
PMF1	1	198.416129108287	135.992333871837	1	1
PMP22	1	1	234.242185661187	1	1
PMVK	1	345.226935347737	158.76617527453	1	74.2635217677821
PNKD	1	276.954543724202	230.421549916784	1	342.631828194819
PNKP	1	1	1	1	156.222272543011
PNP	1	1	1	309.759358130377	1
PNRC1	302.887302137015	1	224.924077450697	1	363.924292710162
PODXL	1	1	1	485.711556883704	1
POLD2	1	246.492523435998	187.403776488376	1	1
POLR2A	1	1	161.687780507947	1	1
POLR2C	1	1	189.655624891487	1	1
POLR2E	1	256.017253419482	202.200742761438	1	1
POLR2H	1	199.795940190234	1	1	1
POLR3GL	227.26768950272	1	113.113692848968	1	1
PON1	1	506.517975030079	1	1	1
PON2	1	248.727985390613	136.687978325772	1	1
PON3	1	203.643825047428	1	1	1
POP7	1	192.513037344195	82.1297332402085	1	1
POR	1	330.603198490899	110.814617119369	1	1
PPA2	1	1	150.719249646055	1	1
PPCS	1	207.955470507456	100.458727546802	1	97.179177811324
PPFIBP1	1	1	108.865928645371	379.778202911624	1
PPHLN1	194.937378229547	1	171.746640414227	1	1
PPIC	1	1	216.704017507609	272.614899108624	1
PPIL4	1	1	144.290048025441	1	423.236754464608
PPM1K	1	1	131.803604671517	1	1
PPP1R11	1	1	187.242715296557	1	408.546977269131
PPP1R12B	1	1	364.261934618121	1	1
PPP1R14A	1	1	1109.93869742523	334.690227459257	1
PPP1R16A	1	661.160966166322	1	1	183.198994261086
PPP1R18	226.052789586003	1	135.33780806874	1	1
PPP1R2	623.606744841398	1	233.253597322001	235.968565153935	130.69485594409
PPP2CA	212.856303001786	1	95.6344548363762	1	1
PPP2R5C	803.863107259288	1	125.652347758479	1	1
PPP3CA	1	1	1	1	130.851477952427
PPP6C	1	1	1	1	104.762732275136
PPT1	1	1	143.861052409467	1	1
PQBP1	1	1	148.794822670892	1	1
PQLC3	1	1	1	1	175.413071378475
PRAP1	1	910.437049035609	1	1	1
PRCP	1	1	1	349.067542874086	1
PRDM1	353.281651626738	1	1	1	1
PRDX3	1	334.823436339097	303.568792889826	1	454.780779955107
PRDX4	1	461.283578943778	123.138385634485	1	156.024731692389
PRELP	1	1	173.629707994748	1	1
PRF1	468.564978130397	1	1	1	1
PRKAR1A	285.459784163488	1	215.403269310462	393.873956172253	1
PRKCDBP	1	1	353.694117863378	1	1
PRKCH	228.430934584128	1	1	1	1
PRKCSH	1	195.088827388854	178.895981038659	1	1
PRKG1	1	1	173.067436294767	1	1
PRMT1	1	1	253.453177656807	437.125331573075	210.160645608986
PRMT2	384.393653911343	1	184.577990741506	329.288914024899	1
PRMT9	256.50306978642	1	1	1	1
PROC	1	300.030505870434	1	1	1
PROSC	1	1	146.317262896321	1	1
PRPF40A	204.890316943419	1	146.263453577835	1	1
PRPF4B	213.556308857277	1	192.226883287332	466.928518931473	152.823919544377
PRRG4	1	1	1	1	89.7501524383722
PRSS22	1	1	1	1	274.81488573507
PRSS23	1	1	196.647098876302	368.139359721835	206.179002399419
PRSS3	1	270.352286652784	1	1	1
PRSS8	1	1	1	1	217.633391260268
PSMA3.AS1	294.467073496892	1	113.919205494173	1	252.413063703022
PSMA5	225.070803904723	287.153404563235	168.174692796999	1	1
PSMB4	1	265.51119353764	158.909286680886	1	304.792931264581
PSMC2	1	185.865780187968	84.5542515917146	1	1
PSMC3	1	406.634654424692	319.803467949074	328.966052413877	1
PSMC4	1	201.5669325543	200.079375384857	1	1
PSMC6	1	229.202620850516	231.000414696646	1	184.974050468721
PSMD11	1	206.363989181439	115.269177819974	1	1
PSMD12	1	1	192.109392861753	1	1
PSMD13	198.924362642845	1	156.802512618098	1	1
PSMD6	1	1	132.865218801355	1	1
PSMF1	1	1	187.699136152468	1	1
PSMG4	1	1	1	1	123.216407360368
PTGIR	1	1	183.832812306639	1	1
PTGR1	1	825.848336531098	127.449714684821	1	210.464091439422
PTK2	1	1	324.310608640846	1	1
PTMS	1	376.76332993216	246.794897881807	265.934286344117	1
PTN	1	1	300.073239760751	1	1
PTP4A2	293.969760403015	1	224.669410134904	1	311.530685375988
PTP4A3	1	1	1058.57376154878	1	1
PTPN1	187.849833173705	1	1	1	1
PTPN12	1	1	1	238.080399153924	1
PTPN22	290.01684086385	1	1	1	1
PTPN7	392.296073778533	1	1	1	1
PTPRB	1	1	1	587.59409238944	1
PTPRC	1629.39789314754	1	1	1	1
PTPRE	233.326829982978	1	1	1	1
PTPRG	1	1	1	290.278706492218	1
PTPRK	1	1	1	1	321.037995427708
PTRF	1	1	384.971456125441	533.816050466737	1
PTRHD1	1	1	171.883587211946	1	1
PTTG1	210.114986353216	255.533478706731	1	1	1
PUF60	1	208.769327620463	221.491918830674	1	80.8243079949982
PURA	1	1	129.221756173386	1	1
PVRL2	1	1	1	1	259.172578622077
PWP1	1	1	149.813565105037	1	1
PYCARD	204.760031026353	1	1	1	1
PYHIN1	277.134941252359	1	1	1	1
PYURF	1	1	166.443574772125	236.635749574798	1
QKI	1	1	1	326.011021695075	1
QPRT	1	327.847818759061	1	1	1
R3HCC1	1	1	133.502684360038	1	1
RAB11B	1	1	238.786184993	1	1
RAB11FIP1	233.547907580502	1	1	1	690.505858233547
RAB18	1	195.890456948545	150.983573856091	1	149.389790850987
RAB25	1	1	1	1	338.302056095391
RAB27A	215.427618398049	1	1	1	1
RAB31	1	1	130.227255669782	1	1
RAB34	1	1	236.364707540901	1	1
RAB3GAP1	1	1	1	1	293.672540362838
RAB3IP	1	1	1	1	144.864254075062
RAB4A	1	1	1	1	120.950207362852
RAB5A	1	1	123.069003017374	269.408270930616	138.06696934476
RAB6A	1	1	192.001719964178	258.11575906116	1
RAB8B	199.435710911116	1	1	1	1
RAB9A	1	1	1	1	271.586641095798
RABGAP1	1	1	135.727892748278	1	1
RABGGTB	1	1	1	1	178.487345909765
RAC1	1	1	246.850505216251	469.177579130551	97.2071213681609
RAC2	526.962306768307	1	1	1	1
RAD21	184.704298397679	1	161.653362693388	1	1
RAD51C	1	1	149.903692472444	1	1
RALBP1	1	1	1	1	73.4171827207067
RALGAPA1	225.415885667951	1	1	1	1
RAMP1	1	315.464214550776	100.599910054699	1	220.478969776797
RAMP2	1	1	1	1453.41279819593	1
RAMP3	1	1	1	980.612687682822	1
RANBP1	1	1	1	1	173.953951209498
RANGRF	1	1	1	1	96.9125239835525
RAP1A	380.393094605731	1	255.608361639322	278.517639745853	1
RAP1B	391.93746254631	1	219.984886523173	305.229265983706	1
RAP2B	1	1	1	1	326.650069090101
RAPGEF5	1	1	1	266.620753390131	1
RARRES2	1	3185.24763658841	457.332422391606	1	576.721231039831
RARRES3	933.855039648228	439.038670388433	186.210820550398	1	384.959056575317
RASEF	1	1	1	1	108.877873370931
RASGEF1B	242.459107323077	1	1	1	1
RASGRP3	1	1	1	280.42557090145	1
RASSF1	1	1	162.827091640092	1	1
RASSF7	1	1	1	1	304.804921163658
RB1CC1	1	1	148.144364857802	1	1
RBBP4	1	1	114.121751077756	1	296.97558247976
RBBP6	1	1	105.597037877641	1	261.869538813994
RBCK1	1	326.565187439094	103.971335312044	1	280.503446724005
RBM23	1	1	128.460731571404	1	1
RBM42	1	1	1	1	122.724398994386
RBM47	1	1	1	1	161.949917921461
RBMS1	1	1	308.299882905502	313.561430576485	1
RBMS3	1	1	171.272748038345	1	1
RBP1	1	1	422.222418393958	1	913.412029410365
RBP4	1	4738.17568113277	1	1	450.485160020999
RBP5	1	426.050830043132	1	1	1
RBP7	1	1	1	1286.10273152675	1
RBPJ	279.515137388601	1	230.969445730522	1	1
RBPMS	1	1	212.916251082544	1	1
RCAN2	1	1	290.46787223587	1	1
RDX	1	1	165.830150323641	763.125378597926	1
REEP3	1	1	234.906641797191	1	1
REEP6	1	265.158429118957	1	1	1
REG1A	1	275.581632448003	1	1	1
REL	945.987227125327	1	104.487625751912	1	440.494203841266
RER1	1	308.285925634569	231.015947266153	1	174.58013420383
RERE	1	1	1	1	212.287602686315
RERG	1	1	124.044447211396	1	1
RERGL	1	1	482.211308631745	1	1
REXO2	1	1	260.138517960703	265.946850758131	252.542122678962
RFC1	1	1	1	1	219.384459565227
RGCC	350.914541297682	1	1	1	1
RGN	1	252.210193796355	1	1	1
RGS1	1672.53717724299	1	1	1	1
RGS10	342.300132024146	1	1	1	1
RGS16	1	1	467.507604362091	1	1
RGS2	777.031905628345	1	357.761796800742	1	1
RGS3	1	1	1	1	441.732923449527
RGS5	1	1	1454.67840913674	1	1
RHBDD2	211.367837261678	1	1	1	1
RHEB	231.794851594246	349.750214990087	196.250982442689	1	1
RHOF	257.291833956121	1	1	1	1
RHOG	339.585471545104	1	110.498531730163	1	1
RHOH	504.275255750552	1	1	1	1
RHOQ	1	1	167.544445039055	1	1
RILPL2	235.050742695249	1	1	1	1
RNASE1	1	1	1	1358.30203401121	1
RNASET2	281.04834990509	1	1	1	218.808239787016
RND1	1	1	1	1	132.593825466754
RND3	1	1	175.552514521195	1	1
RNF103	1	1	1	1	181.720992183835
RNF114	221.19913304044	1	143.144672128049	1	147.362109732616
RNF125	230.498950160419	1	1	1	1
RNF13	1	1	160.664634507472	1	340.885004488638
RNF152	1	1	214.440813172403	1	1
RNF19A	395.241506036308	1	1	1	551.335464992746
RNF5	1	284.57496701938	259.365721406488	1	317.809475458078
RNMT	310.692187238128	1	97.8278179655829	1	278.982153099009
RNPS1	227.581596562264	1	229.509385237307	1	236.805132750858
ROCK1	224.647760950505	1	353.977842833306	1	1
ROCK2	1	1	130.347981307269	1	1
RORA	561.840715180505	1	1	1	384.085503889765
RP1.60O19.1	1	1	1	1	80.0967720184167
RP11.1143G9.4	1	1	1	1	521.221447597422
RP11.138A9.1	497.047922761154	1	1	1	1
RP11.138A9.2	696.382032829636	1	1	1	231.332494500253
RP11.347P5.1	509.723322860568	1	1	1	1
RP11.394O4.5	1	1	183.887123521068	1	1
RP11.452F19.3	1	1	1	1	178.073639310936
RP11.467L13.7	1	1	1	1	101.598561040155
RP11.51J9.5	274.081789573889	1	1	1	1
RP11.532F12.5	1	1	1	1	256.419030625292
RP11.83A24.2	1	1	1	1	126.537897941388
RP5.1171I10.5	396.421471127604	1	1	1	1
RPA3	225.280856035606	449.322826189823	143.547888169476	1	1
RPAIN	1	1	223.366533185256	1	1
RPGR	1	1	1	409.46971826702	1
RPL26L1	1	224.738084426274	119.453637567008	1	1
RPL7L1	219.41647598749	1	180.935004161239	1	1
RPN1	1	204.333204213157	138.944448309746	1	165.377517830871
RPRD1A	1	1	1	1	141.325345242421
RRAS	1	1	229.439983930221	1	1
RSBN1	196.719605319244	1	118.669235212657	1	1
RSBN1L	1	1	186.337629343412	1	1
RSF1	1	1	229.79956161777	252.80992806119	118.67669910427
RSL1D1	333.065164522752	1	319.274159809886	1	181.882367699255
RSU1	1	1	288.004081116074	231.530572918404	1
RTCB	1	1	148.109422833356	1	1
RTN3	1	189.459787676202	141.066076967986	1	178.579687303907
RUNX3	380.482390618612	1	1	1	1
S100A14	1	1	1	1	259.817818009894
S100A16	1	598.759537242679	1	712.155061897729	452.823403469814
S100A4	2231.58470720525	1	1041.76915560022	1	347.672512878397
S1PR1	1	1	1	449.283526873947	1
S1PR3	1	1	144.119850808477	1	1
SAA1	1	727.693980433967	1	1	1
SAA4	1	348.062569988079	1	1	1
SAMSN1	699.595627394129	1	1	1	1
SAR1B	1	315.312835529076	109.829401623085	1	1
SARS	1	1	211.51682216585	1	1
SAT2	1	705.925529126117	187.208948257116	1	1
SC5D	227.505479056309	1	1	1	141.856883343801
SCARB2	1	1	114.751129060243	1	334.389173544797
SCCPDH	1	275.299971450082	1	1	63.3198389106502
SCD	1	479.793616081223	1	1	1
SCD5	1	1	1	1	210.591963623767
SCGB3A1	1	1	1	1	1331.7692790743
SCGN	1	1	1	1	246.520980061522
SCOC	1	1	190.435360624643	1	1
SCPEP1	1	1	283.908184734445	1	1
SDC1	1	409.476075082983	1	1	175.209585248204
SDC2	1	227.304036609553	281.873601761099	1	1
SDC4	1	291.667242942333	1	1	693.026480627863
SDCBP2	1	1	1	1	507.67356352557
SDCCAG8	1	1	1	1	127.504133926227
SDF2L1	1	237.753883578872	1	1	237.689514786082
SDHB	1	287.713072827663	194.049764702093	1	263.454095565073
SDHC	1	466.869589831758	288.532384786407	1	162.053126754276
SDPR	1	1	1	815.060602160966	1
SDS	1	396.065403385085	1	1	1
SEC13	1	1	147.794342565791	1	1
SEC14L1	1	1	1	910.255142311641	1
SEC61A1	1	252.112430768822	1	1	1
SEC63	1	1	176.690388183462	1	1
SECISBP2	1	1	162.774751199374	1	1
SELENBP1	1	349.298625655647	121.072453324174	1	1
SELM	1	1	1427.12104065495	563.402841931028	1
SEMA3B	1	1	1	1	125.200607975145
SEPP1	1	2772.34723348801	502.562799856746	575.55129692561	434.083264612616
SEPT1	239.744903604856	1	1	1	1
SEPT11	1	1	178.63482531969	1	1
SEPT2	1	1	302.58379303051	404.047790704977	185.828658058566
SEPT4	1	1	479.205204949023	1	1
SEPT6	324.99544534965	1	92.4640781662881	1	1
SEPT9	229.441632712324	1	107.839648970415	1	1
SERINC1	1	1	177.429623826263	257.6334222634	249.803938790937
SERINC2	1	1	1	1	208.747720689269
SERINC3	1	1	202.84074158394	270.851210356834	1
SERPINA1	1	4560.13798726982	1	1	1195.9744348426
SERPINA4	1	1	1	1	160.298979371969
SERPINA5	1	238.763049346844	1	1	80.7681051543417
SERPINA6	1	620.22539809392	1	1	295.51541968722
SERPINA7	1	312.57808078177	1	1	1
SERPINB6	1	1	288.164238699641	502.356581877434	165.206755735437
SERPINB9	265.802196533183	1	1	1	1
SERPINC1	1	1163.52518086901	1	1	1
SERPIND1	1	308.797180975377	1	1	1
SERPINF1	1	799.920071190175	462.023005600062	1	1
SERPINF2	1	450.109106127705	1	1	1
SERPINH1	1	1	517.790234126638	395.157850099954	1
SERPINI1	1	1	313.639051779681	1	1
SERTAD3	1	1	185.058899739274	1	1
SEZ6L2	1	1	1	1	79.8006562010976
SFN	1	1	1	1	703.879403469772
SFRP5	1	1	1	1	296.210068659709
SFT2D1	306.55461212123	1	123.465227884073	1	279.032477939208
SFTA2	1	1	1	1	568.963250828787
SGCA	1	1	269.558962181748	1	1
SGCB	1	1	146.720256276143	1	1
SGCE	1	1	191.707345855292	1	1
SGK1	1	1	1	433.235390222019	269.919997806898
SGMS2	1	1	1	1	492.021679081226
SH2D1A	325.094060905315	1	1	1	1
SH2D2A	311.307450562488	1	1	1	1
SH3BP5	1	1	1	281.063601873849	1
SH3GLB1	1	1	242.818851992318	310.667796187867	169.544706123681
SH3KBP1	233.809642279004	1	1	1	1
SH3YL1	1	1	1	1	582.788212023673
SHISA5	1	1	221.366727785371	265.098173470625	261.770430409508
SHMT1	1	405.516071486621	1	1	1
SHMT2	1	227.712029909002	1	1	1
SHROOM3	1	1	1	1	124.820649739498
SIL1	1	1	1	1	246.860886008996
SKA2	1	1	161.066288527765	1	1
SKAP1	212.698663550597	1	1	1	1
SLA	440.368945439607	1	1	1	1
SLC22A7	1	673.239579898332	1	1	1
SLC25A37	1	1	1	286.740736433474	137.007666192601
SLC25A39	1	277.965809460976	1	1	1
SLC25A4	1	1	238.204968758352	1	1
SLC27A5	1	384.905280659974	1	1	1
SLC2A2	1	318.389063879772	1	1	1
SLC2A3	528.664245735638	1	196.183149768697	946.579852910463	1
SLC35B1	1	217.179357051293	1	1	1
SLC37A4	1	1	1	1	205.469060063572
SLC38A1	350.700348067112	1	1	1	1
SLC38A11	1	1	1	1	147.82911950188
SLC39A1	1	1	199.156084237678	1	1
SLC3A1	1	1	1	1	248.629724645356
SLC44A2	1	1	1	264.416981878081	1
SLC44A4	1	1	1	1	295.422898653659
SLC4A4	1	1	1	1	263.00180097938
SLC50A1	1	211.665924268209	1	1	1
SLC52A2	1	1	1	1	125.773306179155
SLC7A2	1	1	239.955710519083	1	1
SLC7A7	1	1	1	1	243.725567973506
SLC9A3R1	1	381.757853088217	1	1	164.866166063514
SLC9A3R2	1	1	1	1340.03274408718	75.3843124468332
SLIT3	1	1	283.357091132673	1	1
SLMAP	1	1	280.147980148725	1	1
SLPI	1	894.40607277733	1	1	2069.18717706437
SLTM	265.567930907558	1	214.685606273313	1	341.809751260721
SMAGP	1	1	1	1	94.0106044534579
SMAP2	367.121423287389	1	1	1	1
SMARCA5	1	1	152.382202041802	1	1
SMARCE1	1	1	141.648836993279	233.630986372325	1
SMC3	1	1	153.514142095939	1	1
SMCHD1	236.562564755243	1	1	1	1
SMIM10	1	1	180.897450061653	1	1
SMIM12	1	1	129.508951207462	1	1
SMIM14	1	379.668303518608	127.688618751798	1	94.1528675699542
SMIM15	1	1	1	1	163.534024404944
SMIM22	1	1	1	1	694.790459181304
SMIM24	1	1	1	1	275.421606808911
SMIM6	1	1	1	1	172.432053937379
SMIM7	1	247.353563278289	208.552988988662	1	372.534669052748
SMOC2	1	1	294.489739227781	1	1
SMS	1	1	115.473468380052	1	371.634690785267
SMTN	1	1	320.225766076722	1	1
SNCG	1	1	531.377981992029	344.912505021958	1
SNHG15	195.186067158549	1	262.712464636409	1	1
SNHG25	1	464.983301171689	1	1	242.697267574135
SNHG9	1	1	149.045239289817	1	1
SNRK	1	1	93.4883655383139	289.002324590972	1
SNRNP200	1	1	151.308759137763	1	1
SNRNP27	1	1	167.873783414872	1	1
SNRNP35	1	1	1	1	104.340874334915
SNRPC	1	504.289781103376	257.228397661719	1	206.076619557302
SNRPN	302.235230420767	1	279.875171501731	1	317.647403517102
SNX14	1	1	1	1	191.209785047597
SNX6	226.998452040686	1	160.246743037544	282.760984374296	1
SOCS2	1	1	1	413.035624529094	1
SOCS3	1	1	164.819788885772	991.647910032128	1
SOD3	1	1	223.577217767637	1	1
SORD	1	284.160512522985	1	1	1
SORT1	1	1	146.326636967404	1	1
SOX9	1	1	1	1	386.39634460268
SPAG7	1	1	145.006350294586	1	298.293707308242
SPAG9	1	1	1	1	180.535747666777
SPARC	1	1	1296.09994820911	1981.5136758437	1
SPARCL1	1	1	2240.69138924622	2657.0949657161	1
SPCS3	278.485178720414	1	1	241.782551430127	1
SPG20	1	1	153.562335053972	1	1
SPINK1	1	1674.0834150137	1	1	2233.7170488331
SPINT1	1	1	1	1	143.367873590369
SPINT2	1	1	1	1	736.529071667412
SPOCK2	398.190172956772	1	1	1	1
SPOP	1	1	164.845703394421	1	1
SPP1	1	1	1	1	2521.11510851085
SPRY1	1	1	134.09581096534	2163.19059447816	1
SPSB3	1	1	169.818802412633	1	404.612696611676
SPTAN1	1	1	1	237.216067055799	1
SPTBN1	1	1	202.350987322383	641.474465201066	557.299164891292
SPTSSA	1	468.933419222296	329.583160376445	1	407.572447153989
SQLE	1	1	1	1	357.495645966191
SRA1	1	1	152.728320983944	1	1
SREK1	1	1	169.488594184494	287.19086369023	196.185067005263
SREK1IP1	1	1	192.153443378638	353.793512266508	1
SRGN	3106.00295795809	1	290.936293391725	1823.21116336522	689.039632604518
SRI	324.462060412098	1	268.859621271454	281.402567460528	1
SRP19	204.252360864434	1	204.686379540235	1	1
SRSF1	1	1	200.96647728588	1	1
SRSF6	213.927105639784	1	1	1	1
SS18L2	272.82424546384	1	1	1	1
SSBP2	1	1	148.901564484903	1	1
SSFA2	1	1	1	224.24295698837	85.0894895768835
SSNA1	1	1	165.846135357206	1	1
SSR1	199.271318097199	332.524181258338	192.391653635649	1	1
SSTR2	1	1	247.689180655255	1	1
STAP2	1	1	1	1	194.809028037291
STARD10	1	308.795434948005	1	1	233.0664777716
STAT1	299.881420145283	1	101.153435821279	1	170.538495321582
STAT4	385.934681235141	1	1	1	1
STC1	1	1	1	2121.12399049661	1
STIP1	1	1	128.347594615969	1	1
STK17B	690.76699521465	1	1	1	1
STK3	1	1	1	1	94.9714674508488
STK4	895.048014039031	1	1	1	1
STMN1	1	449.698295813358	1	513.409964913401	171.389614535246
STOM	1	1	461.495572982271	1064.19339273642	299.541134898771
STOML2	1	371.427987179224	262.180564659575	1	82.7870787578167
STRA13	1	551.032921081809	1	1	1
STRAP	293.260080671125	1	249.935082692607	1	178.253843700132
STT3B	1	1	1	1	343.053037315851
STX4	1	1	1	1	243.084379876638
STX5	1	1	139.70818186445	1	1
STX7	1	1	147.122874474551	1	1
SUCLG1	1	577.448240462339	210.435397690372	1	184.89683319776
SULT2A1	1	473.757655403464	1	1	1
SUMO3	195.175536512517	1	142.565547284573	1	1
SURF4	1	1	123.868545695394	1	1
SWAP70	1	1	1	375.459979707192	1
SYAP1	484.143956375603	1	219.840288797915	250.239988013173	171.917938788193
SYNE1	1	1	129.420406140264	1	1
SYNM	1	1	129.509067885417	1	1
SYNPO	1	1	153.99816420436	1	1
SYNPO2	1	1	289.300081792871	1	1
SYT8	1	1	1	1	243.979932774678
SYTL3	660.476681974125	1	1	1	1
SZRD1	1	1	186.65711352651	1	335.592593358511
TACC1	1	1	298.646128808468	1080.48869831007	294.040844870248
TACSTD2	1	1	1	1	567.038631192719
TADA3	1	1	136.84466249856	1	1
TAGAP	272.442753041074	1	1	1	1
TAGLN	1	1	3374.12492495394	1	1
TANK	386.535040389332	1	128.108861831635	1	57.2463880904956
TAOK3	238.166059634349	1	67.6742395439063	1	324.833079708497
TAP1	265.913574993111	1	109.728429584983	272.76261438413	1
TAT	1	715.407443729262	1	1	1
TBC1D1	1	1	142.059590395139	1	1
TBC1D10C	203.373985450585	1	1	1	1
TBCC	241.217365299507	1	1	1	1
TBX2	1	1	195.703723753072	1	1
TBX2.AS1	1	1	166.279652756047	1	1
TCEA3	1	347.389705655762	1	1	150.439171429909
TCEAL1	1	1	184.949796268809	1	1
TCEAL3	1	1	136.440911063041	1	1
TCEAL7	1	1	293.694571900981	1	1
TCEAL8	1	1	287.864329759236	248.640782393491	117.001557726226
TCF21	1	1	139.866151601028	1	1
TCF4	1	1	526.373585575128	1702.76149041166	1
TCN2	1	1	1	277.941159657968	70.0145072009039
TCP1	234.007933893341	189.445483232585	249.786434675443	1	1
TDG	1	1	1	1	373.415677511269
TDO2	1	621.632519741633	1	1	1
TERF1	1	1	254.853705219396	1	1
TERF2IP	249.300609150964	1	1	1	91.8128090471301
TES	1	1	1	1	546.191799401535
TESC	1	1	1	1	376.463001282113
TEX264	1	170.505455999152	1	1	168.956505540593
TF	1	2371.78033915364	1	1	1
TFF1	1	422.369743793398	1	1	1244.92208992053
TFF2	1	386.946479459313	1	1	1084.44929249873
TFG	1	1	1	1	407.3510381717
TFPI2	1	1	1	1	192.542751780207
TFR2	1	260.475209986606	1	1	1
TGFB1I1	1	1	383.270372899635	1	1
TGFBR2	1	1	1	949.05682093169	1
TGIF1	231.252895955193	1	1	1	211.442935208888
TGM2	1	1	1	606.865051525003	1
THBD	1	1	1	410.565484062995	1
THBS1	1	1	354.208156775306	1	1
THOC7	1	248.979074012155	131.652361461121	1	177.5053881608
THRAP3	275.508420328352	1	223.187059198573	1	156.006276069492
THUMPD3.AS1	321.513021267667	1	212.012819531193	1	130.977141172103
THY1	1	1	469.807099945578	1	1
THYN1	1	1	149.021427572757	1	1
TIAL1	1	1	127.027773394617	1	1
TICAM1	1	1	1	1	131.261540440095
TIE1	1	1	1	426.142720790644	1
TIGIT	284.21825122342	1	1	1	1
TIMM10	1	200.743290436225	118.187407240959	1	1
TIMM13	1	520.082896917298	181.577813845544	1	1
TIMM17A	1	1	141.570612102777	1	1
TIMM17B	1	193.716736937911	140.550556692649	1	1
TIMM44	1	1	150.483639351383	1	1
TIMM9	1	1	156.874912572837	1	1
TIMP2	1	1	216.438591810537	405.229204044167	1
TIMP3	1	1	562.145305116525	1348.96478994304	1
TIPARP	215.985920662963	1	1	1	532.269785291619
TJP1	1	1	1	289.926699249821	82.944554020333
TLE4	1	1	1	1	209.67935787455
TLK1	1	1	1	1	396.562612412015
TLN1	221.207261981992	1	398.953850715334	1	1
TM2D1	1	1	115.070798466348	1	408.940285452328
TM2D3	216.421509254723	1	111.752849508705	1	387.785091027649
TM4SF1	1	1	278.950837937511	2815.25912041794	1953.40873049573
TM4SF18	1	1	1	377.878662726256	1
TM4SF4	1	986.27760673395	1	1	2661.82634235956
TM4SF5	1	763.403947993583	1	1	157.462402070765
TM9SF3	1	1	1	1	256.122331721298
TMBIM1	1	1	139.815794666196	1	1
TMC4	1	1	1	1	321.33679037129
TMC5	1	1	1	1	299.619181188823
TMEM109	1	1	185.85624887807	228.192453103752	1
TMEM120A	1	1	169.866309167164	1	1
TMEM126A	1	1	166.5817225774	1	1
TMEM134	1	1	1	1	216.877298901968
TMEM136	1	1	1	1	111.681737254724
TMEM141	1	540.820012904043	187.463628976599	1	193.095642921368
TMEM14A	1	468.005854235177	184.075997345232	1	294.609614390716
TMEM165	1	1	185.466788908269	1	1
TMEM173	1	1	134.969507804749	209.149001128505	1
TMEM176A	1	1097.66330813347	175.610346802592	1	461.839687599234
TMEM176B	1	1435.69804906495	117.331499417511	1	631.53230793146
TMEM2	290.450511482546	1	1	299.761845382789	231.406761441695
TMEM205	1	709.523459782521	285.773152933168	1	182.590439583746
TMEM208	1	419.778249006922	184.702028578446	1	1
TMEM243	214.323336092304	1	1	1	1
TMEM255B	1	1	1	319.329095049916	1
TMEM261	1	1	173.830658121448	1	381.211631395562
TMEM30A	1	1	129.106192365742	281.487732292607	297.140095803722
TMEM30B	1	1	1	1	283.360941138084
TMEM33	1	1	1	1	158.055654205127
TMEM37	1	1	1	1	183.83400577146
TMEM47	1	1	235.155657444791	1	1
TMEM86B	1	1	1	1	152.548089797306
TMEM88	1	1	1	479.198574259103	1
TMEM97	1	260.723135670938	1	1	1
TMEM98	1	1	96.3636946363061	1	306.786077932759
TMEM9B	1	1	1	1	188.060408308169
TMOD3	1	1	193.341566450369	359.197704173708	1
TMPRSS3	1	1	1	1	209.634194847062
TNFAIP2	1	1	1	1	241.872265116115
TNFAIP3	1162.12184615182	1	1	1	379.724358932737
TNFAIP8	263.438773516361	1	1	1	1
TNFRSF12A	1	1	280.711768737993	1	1726.21426223842
TNFRSF14	193.114736660878	1	1	1	1
TNFRSF1A	1	1	123.417292575443	274.06520943479	245.459844693993
TNFRSF1B	239.822538211873	1	1	1	1
TNFRSF21	1	1	1	1	126.561499093384
TNFSF10	1	266.912371599329	1	558.358110660496	426.014820569476
TNRC6B	359.81434158365	1	233.566640636585	311.537957018608	1
TNS1	1	1	464.070138403259	1	1
TNS2	1	1	128.037688486922	1	1
TOB1	327.764197524716	1	302.054765340946	1	296.350259716646
TOR1AIP2	1	1	140.786943741448	1	1
TPD52	1	1	1	1	243.34041709585
TPD52L2	1	1	123.778448863276	1	1
TPM2	1	1	2534.44654507519	1	1
TPPP3	1	1	767.836623146236	1	190.992438992846
TPRKB	1	1	146.505785350169	1	1
TRAC	1080.44844175278	1	1	1	1
TRAF3IP3	236.680452815536	1	1	1	1
TRAT1	393.600194956828	1	1	1	1
TRBC1	982.409195569088	1	1	1	1
TRBC2	916.91058237267	1	1	1	1
TRGC2	381.792820829116	1	1	1	1
TRIB1	1	1	1	1	278.527113916396
TRIM22	211.940406641171	1	1	1	1
TRIM44	1	1	1	1	302.217394509689
TROVE2	1	1	151.038726719266	1	1
TSC22D1	1	1	947.927821943407	1465.63227486067	730.877941081399
TSC22D3	2124.95319301838	1	612.659260219559	702.079906150822	382.762957177553
TSPAN12	1	1	1	1	145.637532897839
TSPAN31	1	1	1	1	110.651093104754
TSPAN4	1	1	119.181780929672	261.819331876413	1
TSPAN6	1	1	1	1	101.905361595713
TSPAN7	1	1	1	321.927564406282	1
TSPAN8	1	501.868970077012	1	1	1744.8214121484
TSPYL1	235.423992266355	1	212.462509387893	1	315.417670461095
TSPYL2	323.231888509128	1	173.423642895317	1	1
TSSC4	1	1	136.801659896855	1	1
TST	1	238.813133835044	1	1	124.333245728156
TSTA3	1	191.72496066911	1	1	1
TTC14	204.800509459549	1	117.571896815576	1	1
TTC3	1	265.637550437596	114.658399641865	1	1
TTR	1	3960.66918973095	1	1	437.664482255918
TUBA1C	1	1	132.755264358836	1	258.655998368295
TUBA4A	876.358370121617	1	1	1	436.14609829667
TUBB2A	1	258.861818541206	1	1	218.241015263974
TUBB6	1	1	249.473976227136	1	1
TUG1	1	1	1	1	241.458746570343
TWISTNB	1	1	228.716824474257	1	318.554772181282
TWSG1	1	1	135.643640156356	1	1
TXN2	1	225.962876281216	188.543299147025	1	150.976793919176
TXNDC12	1	1	1	1	141.856883343801
TXNDC17	245.90010575665	921.322232870681	211.043513625043	1	187.995816590223
TXNL1	1	232.321166002702	193.287065437515	1	118.405243918866
TYROBP	940.682617296903	1	1	1	1
UACA	1	1	277.519407167138	352.544139905677	1
UBA2	1	1	254.325583613688	1	1
UBE2A	239.681657494608	1	175.291215336422	1	1
UBE2D2	352.331533319291	1	200.603016879357	1	142.640983420146
UBE2E1	1	1	218.314361437829	1	1
UBE2L6	230.491511554509	1	146.035582420317	1	224.289717563088
UBE2V2	1	216.628909209194	272.58421623255	1	68.8640751108939
UCP2	539.591350170117	1	1	1	1
UFD1L	1	316.265181204703	164.261761432394	1	1
UGCG	1	1	331.055831260351	480.868203819922	1
UGDH	1	208.161952036683	1	1	1
UGT2A3	1	1	1	1	148.650587325728
UGT2B10	1	286.307945949411	1	1	1
UGT2B15	1	373.938481121201	1	1	408.004252673749
UGT2B4	1	624.8004609077	1	1	1
UGT2B7	1	602.681676659921	1	1	1
UHMK1	1	1	1	1	344.341878860886
UPB1	1	265.127359019228	1	1	1
UPF3A	1	1	178.707331193943	1	1
UPK1B	1	1	1	1	386.252569271257
UPP1	1	1	1	334.211124822469	1
UQCC2	1	436.697285761351	209.050142772945	1	1
UQCC3	1	228.465863647577	1	1	1
UQCRC1	1	379.951706525339	179.261157032588	1	329.451730697754
UROD	1	266.937539288407	117.960989051505	1	1
USH1C	1	1	1	1	167.149631498552
USP15	281.225209182028	1	1	1	1
USP36	216.011448944639	1	1	1	1
UTP11L	1	1	141.035111989621	1	1
UTRN	1	1	245.856240116401	392.146767418453	1
VAMP5	298.474804537429	377.544547418738	194.078968665775	1225.00977968601	1
VASP	1	1	266.581513805127	1	367.230877394265
VCAN	1	1	173.866225514736	1	1
VCL	1	1	197.441772655149	1	1
VDAC3	1	210.894296280668	170.295011119614	1	1
VEGFA	1	350.641653907504	1	1	76.2781365912109
VEZF1	1	1	158.176569304501	1	1
VGLL4	1	1	1	283.147642097573	1
VNN1	1	1	1	1	198.753485085064
VPS13A	1	1	1	1	92.9007427296391
VPS25	1	204.061753055158	1	1	1
VPS35	1	1	179.476385430732	1	1
VPS36	1	1	131.856235644264	1	1
VPS37B	362.38127056518	1	1	1	207.498608901622
VSIG2	1	1	1	1	444.944960977361
VTN	1	3313.23527278091	1	1	1126.152814411
VWF	1	1	1	1220.05863568935	1
WARS	1	1	1	366.669204880172	1
WAS	187.732668716214	1	1	1	1
WBP2	1	1	178.132752675853	1	1
WBP4	1	1	171.688642702433	1	1
WBP5	1	1	720.448302683981	980.408954412042	307.158204888427
WBSCR22	1	190.058610528232	103.686120221073	1	1
WDR1	1	1	264.050298533314	1	1
WDR45	1	1	137.078154682484	1	1
WDR74	1	1	1	1	253.084385241002
WEE1	1	1	1	1	356.221487085081
WFDC2	1	1	131.546349095062	1	441.524115660492
WIPF1	504.474043786937	1	1	1	1
WTAP	265.525139635506	1	1	1	105.537626696778
WWTR1	1	1	1	389.445333439944	116.719284125767
XAF1	1	1	1	422.121849715168	1
XCL2	257.680805521422	1	1	1	1
XIST	1	1	390.808236103847	1	1
XRN1	1	1	1	1	306.094568425123
XXbac.BPGBPG55C20.2	1	1	1	1	287.338787205029
YBX3	1	1	441.293372149019	825.804478161408	189.098205222811
YIF1A	1	354.513279292172	186.984187780676	1	1
YIPF3	1	191.638986770941	177.913155644246	1	211.136720338539
YME1L1	194.317150338436	1	202.9025105326	1	1
YPEL5	1426.94276737959	1	202.121617044916	1	551.301720422352
YTHDC1	239.691155446306	1	113.473314300287	1	243.163315818514
YWHAH	1	1	1	1	214.412007830894
ZBTB16	1	1	135.320387003181	1	1
ZBTB43	1	1	1	1	205.101493664957
ZC3H12A	241.664991141933	1	88.5642682826071	1	541.611899727305
ZC3H13	1	1	241.597159066171	1	1
ZC3HAV1	404.146212170067	1	134.165108399676	344.142396231966	1
ZCRB1	1	294.460304293777	245.113673958029	1	263.045729925641
ZDHHC6	1	1	1	1	102.370232600478
ZEB1	1	1	166.259019160393	273.319108890474	1
ZEB2	412.339328425749	1	297.271426463555	1	1
ZFHX3	1	1	401.612378220422	1	1
ZFHX4	1	1	1	1	193.934113155602
ZFP36L2	683.332706440035	1	157.994415460798	254.336429047504	325.383602784418
ZFYVE21	1	1	178.306404103785	1	1
ZKSCAN1	1	374.86704568038	1	1	176.588758629904
ZMAT2	202.100278291935	1	197.206873863995	1	92.234566456975
ZNF131	1	1	161.030018713221	1	1
ZNF22	1	1	151.123659105215	1	1
ZNF24	1	1	151.918318717161	1	1
ZNF331	864.618301180779	1	216.085834831715	1	1
ZNF428	1	1	165.20126214209	1	1
ZNF518A	1	1	1	1	136.883556345255
ZNF593	1	237.867857765858	159.663495392925	1	264.712721772631
ZNF638	1	1	143.976495184533	1	1
ZNF655	1	1	1	1	180.795017941971
ZNF90	260.02240635257	1	141.204997268178	1	136.586956346466
ZNHIT3	1	1	164.012256194236	1	1
ZRANB2	1	1	221.306446845059	299.605096566383	160.348842340337
